   1.8752895e-01  -3.7190457e-01  -3.3746757e-02
   1.2179588e-01  -2.7271395e-01  -5.8149840e-02
   0.0000000e+00   0.0000000e+00   0.0000000e+00
   1.5352128e-02  -1.1439738e-01  -4.3773909e-02
   5.3422873e-02  -6.8505551e-01  -5.6056103e-02
   1.3596834e-01  -4.4604962e-01   1.8308479e-02
   1.0266115e-01  -8.0261842e-01  -3.6444560e-02
   2.2524080e-01  -8.4008907e-01  -8.6359117e-02
   1.4072384e-02  -3.4841005e-01   6.3165877e-03
   1.1087731e-01  -3.1550970e-01  -3.3104938e-02
   1.3445313e-01  -1.9282598e-01  -5.9145747e-02
   3.3515150e-02  -3.7912632e-01  -1.5372756e-02
   1.3523681e-01  -2.2628822e-01  -9.4044208e-02
   2.1434205e-01  -3.9023193e-01  -6.3314350e-02
   4.9504341e-02  -3.6796953e-01  -4.8167832e-03
   3.8902275e-02  -2.2067992e-01  -4.6571479e-02
   1.5344442e-02  -1.1365733e-01  -8.5513418e-02
   1.6526850e-01  -3.5634416e-01  -4.6942923e-02
   4.6506605e-03  -4.3083143e-01  -7.0280087e-02
   7.2775734e-02  -2.7567587e-01  -8.7388095e-02
   2.4345596e-01  -5.8198548e-01  -8.1021301e-02
   1.9116011e-01  -3.7662948e-01   4.2971981e-03
   6.0920983e-02  -3.7031362e-01  -2.6984721e-03
   1.7052902e-01  -6.7406999e-01   1.5632203e-03
   3.4463628e-02  -6.9322291e-01   1.6531752e-02
   1.5745292e-01  -6.3929576e-01   1.8909812e-02
   2.1425367e-01  -6.7086755e-01  -5.1574209e-02
   2.2494958e-01  -4.2607734e-01  -5.3085919e-02
   8.7092101e-02  -4.7190463e-01  -9.0270812e-02
   1.2157755e-01  -5.3613728e-01  -6.8028933e-02
   0.0000000e+00   0.0000000e+00   0.0000000e+00
   0.0000000e+00   0.0000000e+00   0.0000000e+00
   1.1522101e-01  -5.2336637e-01  -1.0979563e-02
   9.1068074e-02  -2.5921596e-01  -6.7942524e-02
   7.0066306e-02  -6.5192246e-01   5.9887099e-03
   1.9051108e-02  -2.2714473e-01  -6.9524988e-02
   0.0000000e+00   0.0000000e+00   0.0000000e+00
   4.1426574e-02  -2.5207751e-01  -6.9428042e-02
   9.9687243e-02  -4.7291023e-01  -2.0457198e-02
   2.3014617e-01  -8.2371330e-01  -5.0118998e-02
   1.2783360e-01  -5.8575600e-01  -3.6274253e-02
   2.2853558e-01  -6.1019919e-01   9.5281959e-03
   2.2983485e-02  -4.7517475e-01  -7.9446091e-02
   2.4825929e-01  -4.5335108e-01  -6.2313365e-02
   2.4108406e-02  -7.4436540e-01  -1.2079007e-02
   7.8286873e-02  -3.3413380e-01  -9.6338028e-02
   1.9634378e-01  -3.8935690e-01  -2.0529043e-03
   0.0000000e+00   0.0000000e+00   0.0000000e+00
   1.1647709e-01  -6.4368219e-01  -2.9342187e-02
   7.4532837e-02  -4.6468822e-01  -8.3787025e-03
   3.3293196e-02  -3.0377996e-01  -3.4066387e-03
   7.3752239e-02  -5.9584812e-01  -6.4645514e-02
   0.0000000e+00   0.0000000e+00   0.0000000e+00
   0.0000000e+00   0.0000000e+00   0.0000000e+00
   2.7459920e-02  -5.0770677e-01  -1.5540619e-02
   2.0802199e-01  -5.6029966e-01  -3.5533827e-02
   2.4289819e-01  -4.9300547e-01  -9.1027890e-02
   5.4567818e-02  -7.7345887e-01  -5.9066971e-03
   1.7651941e-01  -5.4060523e-01   1.9878935e-02
   9.7534231e-03  -4.4672706e-01  -8.8792749e-02
   1.5407378e-01  -2.2067962e-01  -6.1605033e-02
   0.0000000e+00   0.0000000e+00   0.0000000e+00
   9.3003832e-03  -6.2215761e-01  -4.2648266e-02
   8.3364044e-04  -1.3964768e-01   7.6497705e-03
   3.5616089e-02  -2.3833745e-01  -9.9625659e-02
   0.0000000e+00   0.0000000e+00   0.0000000e+00
   6.9009354e-02  -4.6503157e-01  -5.5029112e-02
   1.3292288e-01  -4.6007820e-01  -2.7203983e-02
   1.3055533e-01  -6.6989621e-01   1.9080507e-02
   1.4190443e-01  -7.3916472e-01  -4.5434192e-02
   8.3258138e-02  -6.6940945e-01  -4.1093245e-02
   1.0335414e-01  -8.2401368e-01  -9.6134704e-03
   0.0000000e+00   0.0000000e+00   0.0000000e+00
   2.4598045e-01  -7.9100912e-01  -8.1007569e-02
   0.0000000e+00   0.0000000e+00   0.0000000e+00
   9.9135721e-02  -2.0454900e-01  -1.7958460e-02
   0.0000000e+00   0.0000000e+00   0.0000000e+00
   1.4854637e-01  -5.7085450e-01  -9.6688007e-02
   7.7390773e-02  -7.6909125e-01  -5.0375690e-02
   2.2545073e-01  -4.8655386e-01  -7.3365262e-02
   2.3281747e-02  -1.3214210e-01  -6.7323693e-02
   7.9756784e-02  -4.2701232e-01  -5.8118416e-02
   2.2174040e-01  -4.8257295e-01  -5.9753802e-02
   0.0000000e+00   0.0000000e+00   0.0000000e+00
   1.7112922e-01  -2.7556699e-01  -4.4209752e-02
   1.1848716e-01  -6.0863174e-01  -2.7812814e-02
   3.5311040e-02  -4.6998940e-01  -6.0454919e-02
   0.0000000e+00   0.0000000e+00   0.0000000e+00
   2.2065653e-01  -3.2330903e-01   4.0551266e-03
   1.0935964e-01  -3.3708386e-01  -3.2704450e-02
   2.0873920e-01  -4.9023044e-01  -4.5717129e-02
   0.0000000e+00   0.0000000e+00   0.0000000e+00
   9.1909825e-02  -4.9094305e-01  -2.7792639e-02
   1.9870987e-01  -7.9236668e-01  -7.0161838e-02
   0.0000000e+00   0.0000000e+00   0.0000000e+00
   2.3794539e-01  -6.2232729e-01  -3.8851964e-02
   3.6848073e-04  -8.2494437e-01   9.3585279e-03
   7.3848962e-02  -5.1755271e-01  -1.0102196e-02
   1.2113638e-02  -6.1171577e-01  -3.3707083e-02
   1.1068510e-01  -2.5733948e-01  -5.6555308e-02
   1.9746159e-01  -3.9016903e-01  -6.5133435e-02
   0.0000000e+00   0.0000000e+00   0.0000000e+00
   1.3331359e-01  -3.2754929e-01  -9.1863384e-02
   2.0101911e-01  -3.0745892e-01   8.9324604e-03
   1.4066509e-01  -2.4444645e-01  -9.4424797e-02
   1.8771911e-01  -6.9420583e-01   4.6452094e-04
   2.3075886e-03  -3.8294888e-01  -9.6454610e-02
   1.1919621e-01  -6.8563764e-01  -5.1640800e-02
   6.2582382e-02  -6.7164699e-01  -8.8272543e-03
   7.6979565e-02  -2.4051419e-01   1.1564581e-02
   0.0000000e+00   0.0000000e+00   0.0000000e+00
   0.0000000e+00   0.0000000e+00   0.0000000e+00
   1.3011906e-01  -5.4189424e-01   1.0794815e-02
   5.6386532e-02  -3.6064274e-01  -2.2536771e-02
   1.4179947e-01  -7.6970165e-01   4.1586951e-03
   2.4954088e-01  -3.5472275e-01   1.0184444e-03
   3.2966334e-02  -1.3094958e-01   1.2542354e-02
   2.3866915e-01  -4.5899937e-01  -6.4221217e-02
   3.0969378e-02  -7.9652766e-01   9.6221964e-03
   4.6559551e-02  -5.6181181e-01  -5.4014469e-02
   1.6162568e-01  -3.3545883e-01  -8.5258999e-04
   3.2042269e-02  -2.2014196e-01  -5.8168128e-02
   2.0330126e-02  -7.2072534e-01  -3.9843569e-02
   1.6480676e-01  -8.0329766e-01  -1.4141283e-02
   6.8497128e-03  -3.2044986e-01  -7.9667169e-02
   0.0000000e+00   0.0000000e+00   0.0000000e+00
   0.0000000e+00   0.0000000e+00   0.0000000e+00
   9.3458729e-02  -4.8938547e-01   1.9960868e-02
   0.0000000e+00   0.0000000e+00   0.0000000e+00
   0.0000000e+00   0.0000000e+00   0.0000000e+00
   9.5569337e-02  -3.9241449e-01   7.2294672e-03
   1.7322714e-01  -2.9493082e-01   7.1846704e-03
   1.5051783e-01  -2.7044086e-01  -2.4053085e-02
   1.9381443e-01  -3.9092739e-01  -8.7529241e-03
   0.0000000e+00   0.0000000e+00   0.0000000e+00
   0.0000000e+00   0.0000000e+00   0.0000000e+00
   2.1266230e-01  -5.5968544e-01  -2.6447718e-02
   5.6433798e-02  -1.3498303e-01  -3.0524604e-02
   1.9923957e-01  -6.8226321e-01  -5.6809275e-02
   2.4922025e-01  -3.4729281e-01  -7.4506357e-02
   7.0327705e-02  -2.7828310e-01  -1.2399331e-02
   1.7759524e-01  -6.3411252e-01  -8.1277883e-02
   1.6616052e-01  -6.3439913e-01  -6.8856206e-02
   0.0000000e+00   0.0000000e+00   0.0000000e+00
   0.0000000e+00   0.0000000e+00   0.0000000e+00
   0.0000000e+00   0.0000000e+00   0.0000000e+00
   2.3829542e-01  -5.3329779e-01  -5.3242031e-02
   1.8323083e-01  -7.1560672e-01  -6.4186337e-02
   9.6170001e-02  -4.3357043e-01   6.6058745e-03
   1.0020682e-02  -1.4089918e-01   8.5011521e-03
   1.4573340e-01  -6.0715949e-01  -5.1740053e-02
   1.4117816e-01  -7.7098170e-01  -7.7467913e-02
   8.8795654e-02  -1.8575708e-01  -7.7749381e-02
   2.2005021e-01  -7.4031723e-01   9.2675642e-03
   0.0000000e+00   0.0000000e+00   0.0000000e+00
   1.5600389e-01  -7.1116520e-01  -8.8462789e-02
   7.3935353e-02  -7.3040644e-01  -3.4267814e-02
   1.8669982e-02  -4.4487085e-01   1.1517479e-02
   7.3426499e-02  -4.0575838e-01  -8.9533786e-03
   5.8684952e-02  -7.5640066e-01  -6.7823807e-02
   0.0000000e+00   0.0000000e+00   0.0000000e+00
   2.1212259e-01  -4.3303771e-01  -3.0942732e-02
   4.0091095e-02  -5.2767826e-01  -4.4825810e-02
   3.9466094e-02  -6.2353232e-01  -9.4459341e-02
   0.0000000e+00   0.0000000e+00   0.0000000e+00
   0.0000000e+00   0.0000000e+00   0.0000000e+00
   4.0349242e-02  -1.1814056e-01  -5.7546408e-02
   1.5886358e-01  -6.5408133e-01   6.9906692e-03
   2.1098514e-01  -8.2430040e-01  -9.8019631e-02
   1.9556730e-01  -3.2877525e-01  -9.8012846e-03
   6.6141589e-02  -8.4441362e-01  -5.2762686e-02
   7.8674741e-02  -2.7743445e-01  -7.8003433e-02
   4.5798893e-02  -1.1658688e-01  -7.9606506e-02
   1.1186832e-01  -3.2704059e-01  -3.8684720e-02
   8.1669654e-02  -4.7824046e-01  -7.1287391e-02
   6.9954072e-02  -5.3876011e-01  -8.9812952e-02
   2.3294098e-01  -4.6036543e-01  -8.8116995e-02
   9.9923103e-02  -2.6774441e-01  -5.7085012e-03
   0.0000000e+00   0.0000000e+00   0.0000000e+00
   0.0000000e+00   0.0000000e+00   0.0000000e+00
   1.7126671e-02  -1.1640816e-01  -3.3329313e-03
   5.1309416e-02  -6.0333265e-01  -6.9626698e-02
   1.8090457e-01  -3.9513480e-01  -3.7066987e-02
   0.0000000e+00   0.0000000e+00   0.0000000e+00
   5.0058126e-02  -5.9574702e-01  -1.1265770e-02
   0.0000000e+00   0.0000000e+00   0.0000000e+00
   1.0593250e-01  -6.8311787e-01  -1.5775942e-02
   1.3618774e-01  -4.3686269e-01  -9.0055523e-02
   1.3199185e-01  -4.6617261e-01  -3.6462183e-02
   4.6276955e-02  -1.7666805e-01  -1.2336106e-02
   2.0422428e-02  -6.6690054e-01  -7.1556457e-02
   1.1602341e-01  -4.4751619e-01  -7.2660653e-02
   7.6386939e-03  -4.8536986e-01   1.7444045e-02
   1.0874604e-01  -3.5873464e-01  -8.5598343e-02
   1.3946624e-01  -6.1298286e-01  -7.5780422e-02
   0.0000000e+00   0.0000000e+00   0.0000000e+00
   8.5543533e-03  -5.0563263e-01  -6.0285330e-02
   1.7747511e-01  -7.3268076e-01  -1.5555264e-02
   4.2330987e-02  -3.8148090e-01  -9.1594245e-02
   1.4834562e-01  -5.5469078e-01  -1.3835252e-02
   1.5201623e-01  -2.5795215e-01  -2.6559656e-04
   1.9308990e-01  -5.1632396e-01  -6.9419992e-02
   1.4068404e-02  -2.3706696e-01  -3.7256122e-02
   2.1368129e-01  -6.7962799e-01  -5.8413345e-02
   9.6071081e-02  -6.7674375e-01  -9.5989112e-02
   9.9904740e-02  -8.1097387e-01  -1.7563299e-02
   8.1354371e-02  -3.7768744e-01   1.0827265e-02
   1.3884753e-01  -3.8835039e-01  -7.4969818e-02
   7.3855026e-02  -5.0984457e-01  -2.3846078e-02
   9.1530001e-02  -7.1622856e-01  -5.0211927e-02
   0.0000000e+00   0.0000000e+00   0.0000000e+00
   0.0000000e+00   0.0000000e+00   0.0000000e+00
   1.6611052e-01  -8.0205524e-01   1.5604680e-03
   2.4802408e-01  -8.0573382e-01  -7.9225119e-02
   2.3609032e-01  -3.8503673e-01  -1.6114809e-02
   8.7586965e-02  -6.8920767e-01  -2.6066139e-02
   4.8249486e-02  -7.8954732e-01  -5.8089874e-02
   2.2989403e-01  -5.7180969e-01  -7.8084463e-02
   7.2173013e-02  -3.1648244e-01  -7.1951946e-02
   1.3771486e-01  -3.4484134e-01  -2.4901067e-02
   2.2983104e-01  -3.7300033e-01  -2.7834973e-03
   2.2512131e-02  -5.7685182e-01  -5.7580211e-02
   6.4424076e-02  -3.9530978e-01   1.9567363e-02
   1.0676199e-01  -8.1027454e-01  -1.3946549e-02
   1.4443082e-01  -3.0149328e-01  -5.6632071e-02
   2.2488035e-01  -2.8816773e-01  -5.1048950e-02
   5.4556404e-02  -7.6148104e-01  -1.9034705e-02
   2.4175797e-01  -4.6361912e-01  -9.8674150e-02
   1.0849534e-01  -6.3689116e-01   5.2116984e-03
   0.0000000e+00   0.0000000e+00   0.0000000e+00
   1.3130846e-01  -3.8524960e-01   1.2059576e-03
   0.0000000e+00   0.0000000e+00   0.0000000e+00
   1.0789841e-01  -5.6383952e-01  -7.9869186e-02
   1.7947540e-01  -5.9810390e-01  -2.3189147e-02
   2.2905302e-01  -7.8110798e-01   1.0851434e-02
   2.2250700e-01  -5.6106112e-01  -4.6831065e-02
   3.3676515e-02  -5.8658918e-01  -1.2871627e-02
   2.9978189e-02  -7.2566507e-01   4.1534385e-03
   2.2336311e-01  -3.9771646e-01  -6.3958582e-02
   1.6327139e-01  -3.8970688e-01  -3.8308589e-02
   1.0069519e-02  -6.8518856e-01  -1.9259501e-03
   1.2617899e-01  -7.0105215e-01   7.8542554e-03
   0.0000000e+00   0.0000000e+00   0.0000000e+00
   0.0000000e+00   0.0000000e+00   0.0000000e+00
   0.0000000e+00   0.0000000e+00   0.0000000e+00
   0.0000000e+00   0.0000000e+00   0.0000000e+00
   5.0237089e-02  -1.4570593e-01  -4.3855667e-02
   9.5076516e-02  -5.3196806e-01  -9.7222852e-03
   0.0000000e+00   0.0000000e+00   0.0000000e+00
   6.7096494e-02  -4.0148243e-01  -6.0290534e-02
   1.5561066e-01  -5.7667635e-01  -4.5723485e-02
   0.0000000e+00   0.0000000e+00   0.0000000e+00
   2.5992815e-02  -2.0065434e-01  -8.3576171e-02
   1.8231008e-01  -2.4571851e-01  -2.5683514e-02
   0.0000000e+00   0.0000000e+00   0.0000000e+00
   1.1866366e-01  -2.7515020e-01   1.1963843e-03
   2.3322803e-01  -6.8094358e-01   1.3025142e-02
   2.4110920e-02  -2.5468864e-01  -2.0764835e-02
   1.4977673e-01  -6.5928186e-01  -7.8061170e-02
   5.8391177e-02  -4.6985521e-01  -2.5305720e-02
   8.0820846e-03  -4.7148796e-01  -9.6712592e-02
   1.4496482e-01  -6.2105019e-01  -5.2638231e-02
   2.1054954e-01  -6.5758110e-01  -2.0588340e-02
   1.3922425e-01  -7.6572004e-01  -9.1358047e-02
   0.0000000e+00   0.0000000e+00   0.0000000e+00
   5.1238068e-02  -6.7496529e-01  -8.2084775e-02
   0.0000000e+00   0.0000000e+00   0.0000000e+00
   0.0000000e+00   0.0000000e+00   0.0000000e+00
   0.0000000e+00   0.0000000e+00   0.0000000e+00
   4.6257338e-03  -1.1367533e-01  -6.4167427e-02
   0.0000000e+00   0.0000000e+00   0.0000000e+00
   2.3802284e-01  -7.9497082e-01  -9.6120130e-02
   0.0000000e+00   0.0000000e+00   0.0000000e+00
   1.8918185e-01  -8.0127737e-01  -9.9388662e-02
   1.3552227e-01  -5.4242793e-01  -3.8869435e-02
   7.0515718e-02  -7.4165120e-01  -4.0414408e-02
   6.1218712e-02  -3.1201225e-01  -7.2252745e-02
   7.1579554e-02  -2.0077162e-01  -2.6570138e-02
   0.0000000e+00   0.0000000e+00   0.0000000e+00
   5.7673836e-02  -4.6380188e-01   4.0575238e-03
   1.3433035e-01  -2.1684899e-01  -7.1020759e-02
   5.1252063e-02  -2.5995007e-01  -4.7828432e-02
   0.0000000e+00   0.0000000e+00   0.0000000e+00
   3.5552993e-02  -4.9936488e-01  -7.5766968e-02
   9.3895944e-02  -8.1817456e-01  -6.4537891e-03
   1.9839016e-01  -7.2237052e-01  -8.2946893e-02
   0.0000000e+00   0.0000000e+00   0.0000000e+00
   2.2594773e-01  -5.3892171e-01  -1.5042386e-02
   1.3509393e-01  -3.0539746e-01  -6.7104371e-02
   0.0000000e+00   0.0000000e+00   0.0000000e+00
   1.7710416e-01  -4.5969524e-01  -1.2721747e-02
   1.0802213e-02  -3.5395818e-01  -4.3295079e-04
   3.6486495e-02  -4.3953372e-01  -5.9682187e-02
   5.8333916e-02  -7.5320444e-01  -4.4302199e-02
   0.0000000e+00   0.0000000e+00   0.0000000e+00
   4.2570686e-02  -3.6947504e-01  -1.2083450e-02
   0.0000000e+00   0.0000000e+00   0.0000000e+00
   6.8865269e-02  -3.2387555e-01  -3.1742364e-02
   2.3790166e-01  -6.1401405e-01  -3.7078605e-02
   0.0000000e+00   0.0000000e+00   0.0000000e+00
   7.4330484e-02  -5.6711184e-01   4.3218083e-03
   1.0110655e-01  -2.5194047e-01   1.3837312e-02
   7.5559356e-02  -5.0877835e-01  -5.5300777e-02
   0.0000000e+00   0.0000000e+00   0.0000000e+00
   8.9935974e-02  -3.7092054e-01   3.6566468e-03
   0.0000000e+00   0.0000000e+00   0.0000000e+00
   0.0000000e+00   0.0000000e+00   0.0000000e+00
   8.8879863e-02  -2.2412771e-01  -4.5109890e-02
   9.0734547e-02  -4.3467745e-01  -7.7018021e-02
   1.7122072e-02  -1.8282215e-01  -7.5242324e-02
   2.1679047e-01  -2.9419332e-01  -4.0224050e-02
   1.1447405e-01  -6.3564453e-01  -1.3195847e-02
   1.9403846e-02  -3.5157654e-01   5.6402071e-03
   0.0000000e+00   0.0000000e+00   0.0000000e+00
   7.0423970e-02  -3.3152392e-01  -9.6434679e-02
   1.5346946e-01  -4.0331135e-01  -9.3103158e-02
   1.6546449e-01  -7.0152261e-01  -5.6575376e-02
   5.0006149e-02  -2.5809704e-01   9.1291818e-03
   2.3999656e-01  -6.9852162e-01   1.1035026e-02
   1.6627650e-01  -4.8082780e-01  -1.8941123e-03
   0.0000000e+00   0.0000000e+00   0.0000000e+00
   0.0000000e+00   0.0000000e+00   0.0000000e+00
   1.3926187e-01  -5.0073802e-01   2.7009428e-03
   5.3495292e-03  -4.0777357e-01  -5.6311218e-02
   0.0000000e+00   0.0000000e+00   0.0000000e+00
   0.0000000e+00   0.0000000e+00   0.0000000e+00
   1.8400234e-01  -6.6316446e-01  -2.5289671e-02
   1.4307610e-01  -5.2471343e-01  -7.8590334e-02
   2.2462133e-03  -1.2250948e-01  -1.6585700e-02
   1.7957012e-01  -6.0871222e-01  -1.8324772e-02
   1.1235665e-01  -3.4128046e-01  -7.4197587e-02
   1.6490419e-01  -3.9302756e-01  -4.0448372e-02
   1.8830209e-01  -6.0118971e-01  -1.1319608e-02
   2.0118475e-01  -3.4102896e-01  -6.7897063e-02
   0.0000000e+00   0.0000000e+00   0.0000000e+00
   0.0000000e+00   0.0000000e+00   0.0000000e+00
   1.4183762e-01  -5.0240795e-01  -6.6668155e-03
   1.9029157e-02  -3.7910129e-01   9.9669539e-03
   6.2905456e-02  -7.8762751e-01   1.1155814e-02
   0.0000000e+00   0.0000000e+00   0.0000000e+00
   1.4111848e-01  -3.1910597e-01  -7.8121243e-02
   1.3524532e-01  -4.6409903e-01  -6.8851064e-02
   1.7230362e-02  -9.4926618e-02  -7.0989854e-02
   2.4710772e-01  -7.6879375e-01  -9.5343398e-02
   6.2773860e-02  -5.3828545e-01  -3.5970995e-02
   7.8868248e-02  -7.6959990e-01  -7.4439579e-02
   7.5164237e-02  -5.3597000e-01  -3.0708170e-02
   0.0000000e+00   0.0000000e+00   0.0000000e+00
   1.3197533e-01  -2.6900612e-01   1.9842272e-02
   0.0000000e+00   0.0000000e+00   0.0000000e+00
   1.0217750e-01  -5.3504366e-01  -4.8423302e-02
   0.0000000e+00   0.0000000e+00   0.0000000e+00
   2.2982024e-01  -5.7289568e-01  -4.6900366e-02
   3.0310919e-02  -4.0582322e-01  -1.5974164e-02
   1.4798621e-01  -2.5971393e-01   9.1126130e-04
   8.9913043e-02  -4.3888303e-01  -5.9830754e-02
   1.7982673e-01  -6.0097401e-01  -6.2104334e-02
   1.3088777e-01  -6.9156934e-01  -7.5089123e-02
   6.5210838e-02  -2.6843709e-01  -2.1834933e-02
   1.2326983e-01  -2.6460685e-01  -1.0008968e-02
   2.1395898e-01  -2.9323034e-01  -2.1400406e-02
   1.8110157e-01  -5.6635916e-01  -1.9435911e-02
   4.9777575e-02  -7.3191089e-01  -9.1298264e-02
   3.9321469e-02  -6.4751237e-01  -7.0728692e-02
   9.2618880e-02  -7.4446194e-01  -1.4588636e-02
   2.1556800e-01  -7.4055017e-01  -5.2741585e-02
   0.0000000e+00   0.0000000e+00   0.0000000e+00
   1.5854947e-01  -7.2269038e-01  -8.1538281e-02
   3.5330823e-02  -8.1565012e-01  -8.8237743e-02
   1.9825561e-02  -6.5467594e-01  -5.1484858e-02
   2.1903634e-01  -7.4376305e-01   1.1775663e-02
   0.0000000e+00   0.0000000e+00   0.0000000e+00
   1.2191590e-01  -5.4977338e-01  -8.4329019e-02
   1.1508137e-01  -2.7548210e-01  -2.9706142e-02
   1.2891931e-01  -5.4429488e-01  -5.9345098e-02
   6.7998598e-02  -7.4778838e-01  -7.4018181e-02
   5.7894960e-02  -3.1759202e-01  -9.7463209e-03
   2.2488352e-01  -6.5172692e-01  -4.6531035e-02
   0.0000000e+00   0.0000000e+00   0.0000000e+00
   1.5091071e-01  -4.4176598e-01   1.9170468e-02
   9.1309121e-02  -5.3333727e-01  -7.1996728e-02
   1.4964763e-01  -6.0682663e-01   1.7380010e-02
   1.6712179e-01  -2.6043669e-01  -2.7172412e-02
   0.0000000e+00   0.0000000e+00   0.0000000e+00
   2.1833881e-02  -7.7860298e-01  -4.5060306e-03
   1.3475259e-01  -5.2277912e-01  -5.9473536e-02
   0.0000000e+00   0.0000000e+00   0.0000000e+00
   1.5428837e-01  -5.3354262e-01   1.9171694e-02
   0.0000000e+00   0.0000000e+00   0.0000000e+00
   5.6462672e-02  -6.6041999e-01  -7.5960495e-02
   2.6129882e-02  -7.3482543e-01  -8.8935873e-02
   2.4944140e-03  -2.8354437e-01  -9.6948872e-02
   1.4788326e-02  -1.1510190e-01   5.6163811e-03
   8.0663093e-02  -6.5064708e-01  -4.2276372e-02
   1.9486913e-01  -2.7082167e-01  -7.8636977e-02
   8.3869647e-02  -2.1452258e-01  -5.6442736e-02
   0.0000000e+00   0.0000000e+00   0.0000000e+00
   0.0000000e+00   0.0000000e+00   0.0000000e+00
   1.6200142e-01  -4.6912412e-01  -9.5992629e-02
   1.3494396e-01  -3.4323988e-01   1.1918697e-02
  -2.0854299e-01  -4.2115199e-01  -7.8705704e-03
  -4.6739885e-02  -5.1780895e-01  -6.8779867e-02
   0.0000000e+00   0.0000000e+00   0.0000000e+00
  -2.0019636e-01  -4.9956945e-01  -8.3176915e-02
  -1.3991488e-02  -6.6084306e-01  -5.1647295e-02
  -2.5533562e-01  -5.5860571e-01  -5.8570257e-02
  -3.1558742e-01  -4.4906749e-01  -8.9801679e-02
  -1.3975834e-01  -7.0190719e-01  -3.1981970e-02
  -1.1031963e-01  -8.1806870e-01  -1.4771291e-02
  -1.5617958e-02  -2.6667599e-01  -5.5825876e-02
  -7.2064931e-02  -6.7752230e-01  -1.5450621e-02
  -1.8592413e-01  -2.4239943e-01  -5.4643455e-02
   0.0000000e+00   0.0000000e+00   0.0000000e+00
   0.0000000e+00   0.0000000e+00   0.0000000e+00
  -2.0938933e-01  -2.7941457e-01  -4.8116979e-03
  -1.9230591e-02  -2.5973137e-01  -5.2883675e-02
   0.0000000e+00   0.0000000e+00   0.0000000e+00
  -2.9609785e-02  -1.3787630e-01  -6.6128448e-02
  -1.0687294e-01  -3.7739104e-01   1.6640805e-02
  -2.0833589e-01  -6.5175453e-01   1.1978989e-02
  -1.6125145e-01  -5.7906754e-01  -9.1247697e-02
  -1.6989605e-01  -6.0735622e-01   9.4673887e-03
  -1.2131959e-01  -3.9081375e-01  -1.9887827e-02
  -2.4605037e-01  -7.8137815e-01  -4.3141707e-02
  -9.0403605e-02  -8.4060191e-01  -9.5970549e-03
  -2.0776728e-01  -7.9271095e-01  -4.5147935e-02
  -2.9509882e-01  -3.9229485e-01  -7.3704142e-02
  -1.0581500e-01  -7.6918384e-01  -4.2625886e-02
  -2.6030052e-01  -3.2848391e-01  -9.1833992e-02
  -2.5204339e-01  -5.1256407e-01   2.3465624e-03
  -3.9783193e-02  -4.7627116e-01  -3.0011884e-02
  -5.0364015e-02  -7.1896379e-01  -1.3635144e-02
  -1.3279945e-01  -2.4208421e-01  -5.1772038e-02
  -2.1994650e-01  -5.6382072e-01   1.5623017e-02
  -2.1046525e-01  -5.1191945e-01   1.2357620e-02
  -2.1759280e-01  -5.5799350e-01  -1.8745901e-02
  -3.0037366e-03  -2.6344397e-01   8.1945764e-03
  -4.1155064e-02  -2.8189724e-01  -4.0535515e-04
   0.0000000e+00   0.0000000e+00   0.0000000e+00
   0.0000000e+00   0.0000000e+00   0.0000000e+00
   0.0000000e+00   0.0000000e+00   0.0000000e+00
   0.0000000e+00   0.0000000e+00   0.0000000e+00
  -2.9430855e-01  -4.5539744e-01  -8.8730322e-04
  -7.1383773e-02  -8.4220803e-01   1.2541767e-02
   0.0000000e+00   0.0000000e+00   0.0000000e+00
  -2.5207686e-01  -6.0310221e-01  -3.5567551e-02
  -1.6718461e-01  -7.6938346e-01  -4.3209159e-03
  -1.9756542e-01  -7.3595497e-01  -8.4345987e-02
   0.0000000e+00   0.0000000e+00   0.0000000e+00
  -2.3391745e-01  -8.1198392e-01   1.7238376e-02
  -2.0288677e-02  -3.7476567e-01  -8.7931172e-02
  -1.5769169e-01  -7.4439618e-01  -3.4353534e-02
  -7.3575692e-02  -7.3520890e-01   1.3036859e-02
  -1.0796515e-01  -3.0187799e-01   7.2476748e-03
  -1.7652419e-01  -5.3647448e-01  -9.9811035e-02
  -2.3797942e-01  -7.3486686e-01  -8.3959288e-02
   0.0000000e+00   0.0000000e+00   0.0000000e+00
   0.0000000e+00   0.0000000e+00   0.0000000e+00
  -4.1271159e-02  -3.2020726e-01  -1.8702716e-02
   0.0000000e+00   0.0000000e+00   0.0000000e+00
   0.0000000e+00   0.0000000e+00   0.0000000e+00
  -1.4398907e-01  -6.6491225e-01  -4.8518577e-02
  -7.6890277e-02  -2.7815831e-01  -1.9105011e-02
  -8.4244315e-02  -6.9485488e-01  -3.4059080e-02
   0.0000000e+00   0.0000000e+00   0.0000000e+00
  -1.8756475e-01  -5.7470007e-01   1.1018683e-02
  -3.0037588e-01  -7.4426041e-01   1.3118880e-02
  -1.9778556e-01  -6.4358215e-01  -1.6114772e-02
  -8.0230093e-02  -1.9518186e-01  -4.2606550e-02
  -3.2811985e-02  -3.0510208e-01  -4.7425628e-02
  -1.7483645e-01  -3.0868948e-01  -8.9865724e-03
  -1.4164660e-01  -2.2732664e-01  -8.9526420e-02
  -2.2128196e-01  -2.8670735e-01  -7.9088112e-02
   0.0000000e+00   0.0000000e+00   0.0000000e+00
  -1.2781478e-01  -3.8382570e-01  -9.7847508e-02
  -1.8157229e-01  -3.8646442e-01  -4.9392107e-02
   0.0000000e+00   0.0000000e+00   0.0000000e+00
  -3.0192916e-01  -5.4153659e-01  -7.7270853e-02
   0.0000000e+00   0.0000000e+00   0.0000000e+00
  -8.8398913e-02  -1.4381670e-01  -9.9963003e-03
  -7.3324657e-02  -5.8197778e-01  -9.4652504e-02
  -3.0493709e-01  -4.7138222e-01   2.8819584e-03
   0.0000000e+00   0.0000000e+00   0.0000000e+00
   0.0000000e+00   0.0000000e+00   0.0000000e+00
  -2.1021501e-01  -3.2011983e-01  -5.7798475e-02
   0.0000000e+00   0.0000000e+00   0.0000000e+00
   0.0000000e+00   0.0000000e+00   0.0000000e+00
  -1.6103364e-01  -3.9163144e-01  -4.9333684e-02
   0.0000000e+00   0.0000000e+00   0.0000000e+00
  -1.2574377e-01  -7.0087389e-01  -2.5146434e-02
  -7.7643362e-02  -4.5690531e-01  -7.4517727e-03
  -9.0120521e-02  -6.9488867e-01  -3.0822985e-02
  -2.8952672e-01  -3.9132370e-01  -1.2831547e-02
   0.0000000e+00   0.0000000e+00   0.0000000e+00
   0.0000000e+00   0.0000000e+00   0.0000000e+00
   0.0000000e+00   0.0000000e+00   0.0000000e+00
  -2.0256692e-01  -3.1104801e-01  -2.6253059e-02
  -1.0098190e-02  -6.1047890e-01  -8.4814012e-02
   0.0000000e+00   0.0000000e+00   0.0000000e+00
  -1.5031900e-01  -2.3695575e-01  -2.8003566e-02
  -1.6636902e-01  -5.4819768e-01  -4.2126822e-02
   0.0000000e+00   0.0000000e+00   0.0000000e+00
  -1.0758931e-01  -2.7364126e-01  -7.7640665e-03
   0.0000000e+00   0.0000000e+00   0.0000000e+00
  -1.0460864e-01  -3.2951367e-01   8.1463957e-03
  -9.9554192e-02  -7.6137316e-01  -8.6833055e-02
  -2.0674509e-01  -7.5460184e-01   1.5993311e-02
  -1.3878132e-01  -3.3457133e-01  -8.0684199e-02
  -3.2923695e-02  -5.7413908e-01  -4.0872007e-02
  -7.5568309e-02  -2.1438207e-01   6.3540271e-03
  -3.1097049e-01  -8.0748955e-01  -3.8853479e-02
  -2.2364717e-01  -5.3097985e-01  -5.1933006e-02
   0.0000000e+00   0.0000000e+00   0.0000000e+00
   0.0000000e+00   0.0000000e+00   0.0000000e+00
  -6.3430135e-03  -4.8097217e-01  -5.8362253e-02
  -1.8255123e-01  -2.3318339e-01  -3.5335855e-02
   0.0000000e+00   0.0000000e+00   0.0000000e+00
   0.0000000e+00   0.0000000e+00   0.0000000e+00
   0.0000000e+00   0.0000000e+00   0.0000000e+00
  -1.4377588e-01  -5.7875119e-01  -1.9477037e-02
  -2.4596966e-01  -6.6449244e-01  -9.2956064e-02
  -2.0093958e-01  -6.8626042e-01  -9.2929685e-03
  -1.0070409e-01  -2.2529555e-01  -9.4853220e-02
  -9.3453803e-02  -7.6151449e-01  -4.1298996e-02
  -2.5036156e-02  -5.1678817e-01  -4.7749583e-02
   0.0000000e+00   0.0000000e+00   0.0000000e+00
  -2.3080971e-01  -2.9242444e-01  -7.2518073e-02
  -2.8623548e-02  -4.5361503e-01  -1.7656231e-02
  -2.9369990e-01  -5.3359819e-01   1.3055285e-02
  -1.3749662e-01  -3.7972671e-01   1.4711145e-02
  -2.5511319e-02  -6.8943980e-01  -7.7553276e-02
   0.0000000e+00   0.0000000e+00   0.0000000e+00
  -2.6616714e-01  -8.2860497e-01  -2.6099580e-02
  -1.1115770e-01  -7.0869606e-01  -4.2775184e-02
   0.0000000e+00   0.0000000e+00   0.0000000e+00
  -2.2666855e-01  -5.2380321e-01  -2.8710477e-02
  -1.8910155e-01  -2.5819274e-01  -5.2526668e-02
   0.0000000e+00   0.0000000e+00   0.0000000e+00
  -1.2602401e-01  -4.4329693e-01  -2.0317753e-02
  -1.3705883e-01  -7.0149780e-01   2.6189794e-03
  -1.3536819e-01  -6.4933763e-01  -9.3856636e-03
  -7.0055771e-02  -8.0549341e-01  -2.5476599e-02
  -1.5896469e-01  -2.8351518e-01  -1.2438353e-02
  -1.2758308e-02  -3.3127763e-01  -5.8719159e-03
   0.0000000e+00   0.0000000e+00   0.0000000e+00
  -1.5725747e-02  -2.8364876e-01  -7.5965868e-02
  -2.7913000e-01  -4.7062700e-01  -5.0216832e-03
  -2.7520792e-01  -4.6774985e-01  -8.7550743e-02
   0.0000000e+00   0.0000000e+00   0.0000000e+00
   0.0000000e+00   0.0000000e+00   0.0000000e+00
   0.0000000e+00   0.0000000e+00   0.0000000e+00
  -3.1635872e-01  -7.0667555e-01  -4.7785980e-02
  -5.0469656e-02  -1.5725102e-01  -6.1227879e-03
  -9.3387209e-04  -4.2566789e-01  -8.2931594e-02
   0.0000000e+00   0.0000000e+00   0.0000000e+00
  -1.1081284e-01  -7.3493419e-01  -1.7596263e-02
  -7.4668388e-02  -6.5164884e-01  -1.9238105e-02
  -2.4188518e-01  -4.7970051e-01  -8.0801608e-02
  -7.2296858e-02  -3.3113397e-01  -3.9103934e-02
  -1.4350184e-01  -4.1661701e-01   1.3771702e-02
  -8.3022261e-02  -7.5386848e-01  -7.3362204e-02
  -1.1065424e-01  -7.6929104e-01  -3.1200686e-02
  -2.8894558e-01  -4.2363061e-01  -1.3595426e-02
  -4.0642778e-03  -4.4984291e-01  -2.0020961e-02
  -4.2311297e-02  -7.7324561e-01  -2.4032794e-02
  -1.2418005e-01  -4.9180868e-01  -7.5375089e-02
  -2.6899872e-01  -6.5941734e-01   1.5357106e-02
  -6.8245217e-02  -5.6218544e-01  -6.7200320e-02
  -2.9927501e-01  -3.9920865e-01  -8.4722135e-02
   0.0000000e+00   0.0000000e+00   0.0000000e+00
  -1.2008274e-01  -5.1220128e-01  -5.8821911e-02
   0.0000000e+00   0.0000000e+00   0.0000000e+00
  -3.9067422e-02  -1.6788326e-01  -5.4634473e-02
  -2.4350639e-01  -7.3269332e-01   1.0985148e-02
   0.0000000e+00   0.0000000e+00   0.0000000e+00
  -1.9877009e-01  -5.4874322e-01  -5.3196395e-02
  -1.5676936e-01  -3.7172048e-01  -2.6045822e-02
  -7.0544113e-02  -5.2071431e-01   1.6331627e-02
  -4.6122958e-02  -6.2686005e-01  -8.2907870e-02
  -2.0325623e-01  -2.5778753e-01  -5.2425182e-02
   0.0000000e+00   0.0000000e+00   0.0000000e+00
  -2.1428584e-01  -7.1018140e-01  -4.0553950e-02
  -1.5091295e-01  -3.1391195e-01   1.9050699e-02
  -3.0223300e-01  -5.6213841e-01  -9.0288781e-02
  -1.8927388e-01  -7.6136193e-01  -2.9284575e-02
  -7.2559283e-02  -2.3298421e-01  -6.7883890e-02
  -2.1882998e-01  -8.4821371e-01   1.8673665e-03
  -1.0260571e-01  -7.0920037e-01  -7.7827993e-02
  -2.3965393e-01  -6.7264213e-01  -8.9152304e-02
  -3.1940583e-01  -5.5812080e-01  -7.3353095e-02
  -8.6314673e-02  -4.6212207e-01  -7.0854776e-02
  -2.9819828e-01  -3.2867913e-01  -2.8623703e-02
  -2.2284386e-01  -6.9889727e-01  -6.4228130e-02
  -3.0482971e-02  -5.0603434e-01  -4.7855312e-02
  -7.8679095e-02  -6.6439512e-01  -5.0168362e-02
  -2.9909042e-01  -8.3952337e-01  -2.1389752e-02
  -1.5353095e-01  -6.7001573e-01  -6.4507989e-02
  -2.8240888e-01  -7.2498275e-01   6.9635852e-04
  -2.4937514e-01  -4.1277090e-01   1.9818328e-02
  -5.8508431e-03  -7.4269266e-01  -4.7440102e-02
  -2.4664376e-01  -2.8377002e-01  -4.5578095e-02
   0.0000000e+00   0.0000000e+00   0.0000000e+00
  -2.7765346e-01  -4.2020351e-01  -6.3344411e-02
   0.0000000e+00   0.0000000e+00   0.0000000e+00
  -2.0035353e-01  -7.0343825e-01  -9.3305237e-02
  -3.5567102e-02  -2.2461882e-01  -8.8391600e-02
  -6.8382151e-02  -5.7587443e-01  -5.2492754e-02
  -1.1638326e-02  -6.7478469e-01  -9.1145171e-02
  -1.4225438e-01  -5.7956729e-01   5.9664490e-03
  -1.0450589e-01  -5.5314535e-01  -2.0896181e-02
  -9.1934154e-02  -2.0174047e-01   1.5592347e-02
  -1.5886464e-01  -4.0579296e-01  -4.4604382e-02
  -5.8145662e-02  -7.9595638e-01  -6.8467456e-02
   0.0000000e+00   0.0000000e+00   0.0000000e+00
   0.0000000e+00   0.0000000e+00   0.0000000e+00
  -1.8926819e-01  -2.3160122e-01   8.2198452e-03
  -2.5875783e-04  -6.5944481e-01  -1.6386588e-02
   0.0000000e+00   0.0000000e+00   0.0000000e+00
  -2.1852574e-01  -5.1261350e-01  -4.4435250e-02
  -2.3632326e-02  -1.5641263e-01  -7.2288572e-02
   0.0000000e+00   0.0000000e+00   0.0000000e+00
  -1.0062623e-01  -2.6257807e-01  -8.7177789e-02
   0.0000000e+00   0.0000000e+00   0.0000000e+00
  -1.4766419e-01  -7.7280899e-01  -1.0925855e-03
  -1.8788527e-01  -7.9635169e-01  -2.9959823e-02
   0.0000000e+00   0.0000000e+00   0.0000000e+00
  -1.7678516e-01  -5.0459999e-01  -8.7154575e-02
   0.0000000e+00   0.0000000e+00   0.0000000e+00
  -1.8791836e-01  -3.6116742e-01   3.4924366e-03
  -4.9536490e-02  -4.4334409e-01  -3.0890492e-02
  -1.4254482e-01  -7.1428851e-01  -7.1748014e-02
  -1.7203886e-01  -5.3127523e-01  -4.2932463e-02
  -1.4780804e-01  -2.1692398e-01  -7.0537763e-02
  -2.6691511e-01  -7.6898755e-01  -3.7581321e-04
  -3.1877514e-01  -6.5220551e-01  -6.0727241e-02
  -3.1111817e-01  -4.7826568e-01  -5.4238329e-02
  -2.3869740e-01  -7.6258050e-01   1.9178469e-02
  -6.3986225e-02  -3.1286750e-01  -6.8827063e-02
  -1.1625356e-02  -2.8707136e-01  -9.9008257e-02
  -6.0353301e-02  -5.2602705e-01   4.6182371e-03
   0.0000000e+00   0.0000000e+00   0.0000000e+00
  -2.0104715e-01  -3.1917290e-01  -2.9287918e-03
   0.0000000e+00   0.0000000e+00   0.0000000e+00
  -2.0369856e-01  -6.8894769e-01  -1.3440414e-03
  -2.8521391e-01  -6.1476097e-01  -9.8421850e-02
  -8.1125826e-02  -5.7347294e-01   1.7960104e-02
  -9.1634988e-02  -7.7688420e-01   1.5224424e-02
  -4.0134136e-02  -6.9781676e-01  -7.6519664e-02
  -1.6914361e-01  -4.6641594e-01  -8.3175074e-02
   0.0000000e+00   0.0000000e+00   0.0000000e+00
   0.0000000e+00   0.0000000e+00   0.0000000e+00
  -2.5205725e-01  -4.3754455e-01  -4.2341772e-02
  -1.3984402e-01  -8.0961024e-01  -5.0308537e-02
  -1.7617271e-01  -7.1660202e-01  -2.8879631e-03
  -3.1555663e-01  -7.9476041e-01  -4.0412976e-02
  -2.2072991e-01  -8.2740112e-01   1.3890244e-02
  -3.1044377e-01  -3.1664743e-01   1.3268511e-02
  -3.0709068e-02  -2.7276559e-01  -2.0223688e-02
  -2.8738952e-01  -6.6576072e-01  -5.5708571e-02
  -1.8701790e-02  -1.8038846e-01  -8.7037338e-02
  -3.9461808e-02  -8.1527937e-01  -6.0807595e-02
  -2.0183224e-01  -7.9069794e-01  -6.2232045e-02
  -1.1843339e-01  -3.1087006e-01  -6.3489375e-02
  -1.0226313e-01  -2.9317553e-01  -7.5979772e-02
  -2.5462219e-01  -5.8877938e-01  -5.9272620e-02
  -9.6545540e-02  -6.0911328e-01  -4.2392391e-02
  -1.9438774e-01  -6.8029197e-01  -1.9808369e-02
  -1.4783112e-01  -5.0461991e-01  -9.2100726e-02
   0.0000000e+00   0.0000000e+00   0.0000000e+00
  -2.6637407e-01  -4.7558279e-01  -4.1344765e-02
   0.0000000e+00   0.0000000e+00   0.0000000e+00
  -2.2562596e-02  -6.4398696e-01  -1.0500224e-02
  -8.5219741e-02  -5.6070040e-01  -8.1470171e-02
  -5.4679946e-02  -5.0954042e-01  -4.4578531e-02
   0.0000000e+00   0.0000000e+00   0.0000000e+00
  -6.4668961e-02  -6.0665721e-01  -2.2084769e-02
  -1.5755802e-01  -6.1582705e-01  -9.2238986e-02
  -2.3339757e-01  -2.9258527e-01  -9.1326335e-02
   0.0000000e+00   0.0000000e+00   0.0000000e+00
  -2.4395787e-01  -7.1707347e-01   7.7885439e-03
  -2.5621804e-02  -6.5475510e-01  -2.4025113e-02
  -3.0023879e-01  -4.3319964e-01  -1.3101464e-02
  -3.1183163e-01  -6.0091879e-01  -1.1931700e-02
  -1.9427534e-01  -6.7249782e-01  -7.1846379e-03
   0.0000000e+00   0.0000000e+00   0.0000000e+00
  -1.0580817e-01  -7.7662387e-01  -8.7160885e-02
  -2.8838885e-01  -4.9019922e-01  -3.4419701e-02
  -1.1699960e-04  -2.4472288e-01  -4.9410521e-02
  -1.5464961e-01  -2.2683513e-01  -1.7872665e-02
  -4.7191919e-02  -7.5665145e-01  -9.9282025e-02
  -1.0079747e-01  -3.1118601e-01  -9.8067146e-02
   0.0000000e+00   0.0000000e+00   0.0000000e+00
  -1.8973022e-01  -8.0437843e-01  -5.9951829e-02
  -2.1043456e-01  -5.5321002e-01  -6.7138981e-02
  -1.1166806e-01  -8.3488238e-01  -2.0085107e-02
  -1.7181903e-02  -1.6475864e-01  -4.2732732e-02
  -1.5093770e-02  -7.0443121e-01  -1.2802524e-02
  -1.7874499e-02  -4.1973178e-01  -6.6205483e-02
  -2.2883839e-02  -5.0216176e-01  -7.3362107e-02
   0.0000000e+00   0.0000000e+00   0.0000000e+00
  -3.1157728e-01  -4.7978943e-01  -6.5896168e-03
  -2.3513495e-01  -5.3851266e-01  -4.4751393e-03
  -2.4076340e-01  -4.2338480e-01  -5.4891917e-02
   0.0000000e+00   0.0000000e+00   0.0000000e+00
  -3.7633957e-02  -4.3788871e-01  -8.0123703e-02
   0.0000000e+00   0.0000000e+00   0.0000000e+00
  -2.8587456e-01  -7.1708713e-01  -4.2541158e-03
  -3.1105956e-01  -5.0547186e-01  -3.6291155e-02
  -3.1810364e-01  -5.8736601e-01  -2.5407422e-02
  -1.1097160e-01  -5.5014276e-01  -2.0847248e-02
  -9.3536683e-02  -5.2992386e-01   1.2337858e-02
  -5.9919170e-02  -8.1077957e-01  -7.1360312e-02
   0.0000000e+00   0.0000000e+00   0.0000000e+00
  -2.2976599e-01  -4.0366942e-01  -6.0914766e-02
  -6.0446312e-02  -7.1604307e-01  -4.6129079e-02
  -1.3886010e-01  -4.2241894e-01   1.3825140e-02
  -1.4589803e-02  -6.4804402e-01  -1.6899513e-02
   0.0000000e+00   0.0000000e+00   0.0000000e+00
  -2.4993351e-01  -5.8787875e-01  -9.1777018e-02
  -2.7612814e-01  -7.7726113e-01  -2.5363207e-02
   0.0000000e+00   0.0000000e+00   0.0000000e+00
  -1.3871754e-01  -3.6388170e-01  -4.7504007e-02
   0.0000000e+00   0.0000000e+00   0.0000000e+00
  -1.7724336e-02  -1.9188432e-01  -9.4923849e-02
  -2.6222126e-01  -5.6622781e-01   1.0939322e-02
  -3.3932908e-02  -7.4064315e-01  -8.6562928e-02
  -1.9436949e-03  -2.9301909e-01  -4.7493675e-02
   0.0000000e+00   0.0000000e+00   0.0000000e+00
  -3.0168682e-01  -7.6949027e-01  -6.5743349e-03
  -2.1576298e-01  -4.0040291e-01  -6.4691566e-02
  -1.2341069e-01  -7.7389442e-01  -5.1611372e-02
   0.0000000e+00   0.0000000e+00   0.0000000e+00
  -2.1594396e-01  -5.8743801e-01  -9.6219298e-02
   0.0000000e+00   0.0000000e+00   0.0000000e+00
  -1.4061627e-01  -4.3549482e-01   8.0239650e-03
   0.0000000e+00   0.0000000e+00   0.0000000e+00
  -2.6333008e-01  -2.8569558e-01   7.7487446e-03
  -3.3598182e-03  -8.1034376e-01   2.4503474e-03
  -4.5317355e-02  -6.3792960e-01  -6.0587772e-02
  -1.5449915e-01  -2.8383559e-01  -5.6782382e-02
  -1.8579790e-01  -5.3790784e-01  -2.4692254e-02
  -9.3756468e-02  -3.5321385e-01   4.5524406e-04
  -1.4043743e-01  -4.9002483e-01  -2.6742257e-02
  -1.2744486e-01  -8.1557545e-01  -7.5997188e-02
  -4.3937754e-02  -5.2347099e-01  -2.7975244e-02
   0.0000000e+00   0.0000000e+00   0.0000000e+00
  -1.1521429e-01  -7.1253009e-01  -1.5425249e-02
  -2.6783277e-01  -6.1724061e-01  -5.6800709e-02
  -1.3227432e-02  -9.2519270e-02  -8.6214059e-02
   0.0000000e+00   0.0000000e+00   0.0000000e+00
  -2.4204150e-02  -2.5245875e-01  -3.7642779e-02
  -1.0042076e-01  -3.6004507e-01   6.4414929e-03
  -3.0271445e-01  -4.4915226e-01   4.1156432e-03
   0.0000000e+00   0.0000000e+00   0.0000000e+00
  -5.5529958e-02  -7.0376267e-01   1.0484313e-02
  -1.7148275e-01  -6.7386703e-01  -5.5234500e-02
  -9.4364546e-02  -2.3268579e-01  -2.9360076e-02
  -2.8891909e-01  -5.2334024e-01  -5.6630762e-02
   0.0000000e+00   0.0000000e+00   0.0000000e+00
  -2.5199197e-01  -5.6946873e-01  -7.1629004e-02
  -5.5810718e-02  -2.9528711e-01  -9.7139236e-02
  -2.3039614e-01  -5.6907126e-01  -7.3784469e-02
  -7.4242132e-02  -2.5100690e-01  -9.2269984e-02
  -6.6283994e-02  -5.7836377e-01  -6.8698260e-02
  -6.9162275e-02  -3.3470711e-01  -1.0434372e-02
   0.0000000e+00   0.0000000e+00   0.0000000e+00
   0.0000000e+00   0.0000000e+00   0.0000000e+00
  -2.0329245e-01  -6.1584226e-01  -7.2798274e-02
  -1.4900492e-02  -6.9640956e-01  -6.9666050e-02
  -7.4261881e-02  -7.8750089e-01  -1.8206040e-02
  -2.7994892e-01  -4.3700199e-01  -4.1251715e-02
   0.0000000e+00   0.0000000e+00   0.0000000e+00
  -9.8034373e-04  -5.1246577e-01  -4.8737863e-02
   0.0000000e+00   0.0000000e+00   0.0000000e+00
  -2.6370301e-01  -3.4883369e-01  -5.8867653e-04
  -2.7900338e-01  -7.2511359e-01  -8.8868211e-02
  -9.6343848e-02  -3.6471952e-01  -7.0266331e-02
  -7.5521666e-02  -7.8680979e-01  -1.4341028e-02
  -2.6610504e-01  -3.1711606e-01  -5.5289241e-02
  -1.4008083e-01  -5.9350941e-01  -3.5539351e-02
  -1.6226794e-01  -5.0033161e-01   4.4672906e-03
   0.0000000e+00   0.0000000e+00   0.0000000e+00
  -4.8479544e-02  -3.5053575e-01  -9.6341119e-02
  -2.9017780e-01  -7.8600199e-01  -3.3056859e-02
   0.0000000e+00   0.0000000e+00   0.0000000e+00
  -1.2482606e-01  -3.2644041e-01   6.6835703e-03
   0.0000000e+00   0.0000000e+00   0.0000000e+00
   0.0000000e+00   0.0000000e+00   0.0000000e+00
  -2.8602946e-01  -3.0355233e-01   1.5574709e-02
  -2.6912200e-01  -7.8548718e-01  -1.2726960e-02
  -2.1865093e-01  -4.2712359e-01  -7.6160308e-03
  -5.4974804e-02  -6.8275199e-01  -2.3025363e-02
  -7.6016418e-02  -2.9773123e-01   3.8788761e-03
  -1.3897125e-01  -3.8988013e-01  -9.9831352e-02
  -8.0198991e-03  -8.0843216e-01  -4.1622503e-02
   0.0000000e+00   0.0000000e+00   0.0000000e+00
   0.0000000e+00   0.0000000e+00   0.0000000e+00
  -1.0006159e-01  -6.0016923e-01  -2.3770291e-02
  -1.8296053e-01  -7.9194736e-01  -2.7886905e-02
