-1.657940663176265261e-01 -2.795811518324607392e-01 -1.214659685863874461e-01 -2.054701918405727953e-02 4.856568170777179200e-02
-1.670157068062827488e-01 -3.450261780104711962e-01 -1.223385689354275774e-01 -5.337637239092763060e-03 2.882324109110115731e-02
-1.635253054101221681e-01 -3.678883071553228357e-01 -1.193717277486911060e-01 -5.335874664142264620e-03 3.521677278333856798e-02
-1.610820244328097783e-01 -3.876090750436300691e-01 -1.172774869109947660e-01 -3.732931273976431916e-03 3.013008813995276397e-02
-1.568935427574171260e-01 -4.085514834205933865e-01 -1.134380453752181495e-01 -6.405755574217985616e-03 3.176187138883105471e-02
-1.534031413612565453e-01 -4.314136125654450260e-01 -1.057591623036649164e-01 -5.335643242438577183e-03 3.494846323797243248e-02
-1.488656195462478016e-01 -4.537521815008725978e-01 -9.912739965095986039e-02 -6.933925316043381207e-03 3.413624770975189071e-02
-1.436300174520069861e-01 -4.759162303664921656e-01 -9.249563699825480434e-02 -8.005588969595718932e-03 3.389032663795538830e-02
-1.390924956369982701e-01 -5.001745200698080041e-01 -8.603839441535776622e-02 -6.935724486684418343e-03 3.707945014035132769e-02
-1.343804537521815223e-01 -5.219895287958115082e-01 -8.132635253054101843e-02 -6.931783701123048896e-03 3.332588317847628989e-02
-1.293193717277487109e-01 -5.429319371727748811e-01 -7.783595113438045165e-02 -7.735817143732089465e-03 3.201027783613280553e-02
-1.223385689354275774e-01 -5.670157068062827710e-01 -7.783595113438045165e-02 -1.067270625792123701e-02 3.682083658982823748e-02
-1.162303664921466029e-01 -5.904013961605584226e-01 -7.417102966841186695e-02 -9.604822947909109551e-03 3.575128541721717818e-02
-8.935427574171030118e-02 -6.574171029668411936e-01 -8.097731239092495481e-02 -1.120686036722999372e-02 3.975767130279213302e-02
-8.342059336823735849e-02 -6.827225130890052229e-01 -8.062827225130890507e-02 -9.073993231525568498e-03 3.869791231091787576e-02
-7.678883071553230244e-02 -7.089005235602093835e-01 -8.045375218150088714e-02 -9.873005439417404175e-03 4.002569772736794956e-02
-7.364746945898778541e-02 -7.345549738219896430e-01 -7.382198952879581721e-02 -4.802810601671489779e-03 3.922295324698388957e-02
-6.753926701570681090e-02 -7.612565445026178157e-01 -7.050610820244328225e-02 -9.327921200464569726e-03 4.077634124774498492e-02
-6.160558464223385433e-02 -7.891797556719022388e-01 -6.788830715532287452e-02 -8.803628460820854540e-03 4.268425920397981438e-02
-1.856893542757417359e-01 -4.462478184991274244e-01 -1.143106457242582946e-01 -1.921203375823602594e-02 6.750895195602396592e-02
-1.698080279232111744e-01 -4.933682373472949578e-01 -9.598603839441535723e-02 -2.426965820311494104e-02 7.200887598726400662e-02
-1.547993019197207720e-01 -5.404886561954624913e-01 -8.097731239092495481e-02 -2.294942197735570094e-02 7.205051085913997955e-02
-1.364746945898778485e-01 -5.900523560209425256e-01 -7.748691099476440192e-02 -2.800439048172840076e-02 7.574520854105605550e-02
-9.336823734729493562e-02 -6.952879581151832911e-01 -8.342059336823735849e-02 -2.935263843948107687e-02 8.672370448028479673e-02
-7.469458987783596238e-02 -7.518324607329842646e-01 -7.783595113438045165e-02 -2.827214969108919271e-02 8.641675943314044983e-02
-5.811518324607330144e-02 -8.123909249563699975e-01 -7.120418848167539561e-02 -2.505891930195967149e-02 9.250473401893635761e-02
-2.253054101221640682e-01 -2.776614310645724171e-01 -1.431064572425828907e-01 -1.584526653347178848e-01 1.840611769039651735e-01
-1.972076788830715854e-01 -5.380453752181501015e-01 -8.917975567190228325e-02 -4.029249164782845033e-02 9.099165332390402039e-02
-1.719022687609075006e-01 -5.921465968586387962e-01 -7.748691099476440192e-02 -3.868617703263996233e-02 8.270837848357502631e-02
-1.363001745200698167e-01 -6.537521815008726644e-01 -8.219895287958114971e-02 -5.439279411258566427e-02 9.412086432226837718e-02
-1.066317626527050755e-01 -7.191972076788831769e-01 -7.975567190226877379e-02 -4.561835312813505156e-02 1.000402480880155237e-01
-7.452006980802791669e-02 -7.900523560209424812e-01 -7.870855148342059682e-02 -4.908085204094526921e-02 1.080312232422981078e-01
-1.458987783595113441e-01 -3.535776614310646160e-01 -1.289703315881326473e-01 -8.270647931894485952e-03 8.617481554844885761e-02
-1.326352530541012320e-01 -4.181500872600349417e-01 -1.089005235602094335e-01 -2.027917676443910175e-02 9.872757109003253706e-02
-1.178010471204188475e-01 -4.876090750436300469e-01 -8.970331588132635092e-02 -2.267494664992241588e-02 1.064388672155181237e-01
-9.895287958115184246e-02 -5.553228621291448341e-01 -8.551483420593369855e-02 -2.882075070083006327e-02 1.035412154807598545e-01
-5.462478184991274160e-02 -6.938917975567190366e-01 -8.830715532286212421e-02 -2.721565888747667916e-02 1.160667805495328719e-01
-3.734729493891798119e-02 -7.748691099476440192e-01 -8.254799301919721333e-02 -2.641427400991914337e-02 1.238002337434594841e-01
-9.633507853403140697e-02 -3.677137870855148316e-01 -1.054101221640488667e-01 -8.536705612760242187e-03 8.856832073238724012e-02
-9.040139616055846428e-02 -4.260034904013961787e-01 -9.336823734729493562e-02 -9.067506870049632517e-03 8.907492042931122733e-02
-8.429319371727748977e-02 -4.869109947643979197e-01 -8.516579406631763494e-02 -9.334667582169732178e-03 9.307997103363536973e-02
-7.975567190226877379e-02 -5.472949389179755375e-01 -8.132635253054101843e-02 -6.939449612760385279e-03 9.208115832316673965e-02
-5.602094240837696831e-02 -6.603839441535777066e-01 -8.708551483420594319e-02 -1.707254013914256269e-02 9.443248764463239853e-02
-4.851657940663176016e-02 -7.275741710296683706e-01 -8.726003490401396112e-02 -1.146858585583112114e-02 1.026838501045342217e-01
-4.485165794066317546e-02 -7.972076788830715355e-01 -7.801047120418848346e-02 -5.596819966334852688e-03 1.063395793603622852e-01
-1.876090750436300303e-01 -4.335078534031414077e-01 -1.204188481675392830e-01 -2.748592560379625391e-02 1.048734831290479425e-01
-1.614310645724258420e-01 -5.087260034904014239e-01 -9.598603839441535723e-02 -3.975004958600890370e-02 1.149816870575156719e-01
-1.310645724258289735e-01 -5.795811518324607281e-01 -8.900523560209423757e-02 -4.639197806559092890e-02 1.082479488197120865e-01
-9.842931937172774703e-02 -6.633507853403141086e-01 -9.075043630017452789e-02 -4.962761376571309807e-02 1.280712613308724879e-01
-6.998254799301920070e-02 -7.507853403141362403e-01 -8.394415357766142616e-02 -4.348593619630482243e-02 1.336592272045935836e-01
-8.429319371727748977e-02 -3.516579406631762383e-01 -9.738219895287958394e-02 -9.067335084470785553e-03 1.205422193582584012e-01
-7.713787085514833830e-02 -4.305410122164049502e-01 -8.656195462478184777e-02 -1.094092372855259322e-02 1.206170128123359303e-01
-7.172774869109949103e-02 -5.090750436300175430e-01 -8.045375218150088714e-02 -8.271287050574914479e-03 1.200670700889911319e-01
-5.881326352530541479e-02 -5.827225130890052451e-01 -8.342059336823735849e-02 -1.973291890620536629e-02 1.125309699786303796e-01
-5.095986038394415690e-02 -6.593368237347295713e-01 -8.237347294938918152e-02 -1.227685212098656754e-02 1.171638713285458600e-01
-4.258289703315881747e-02 -7.481675392670157354e-01 -8.027923211169284146e-02 -1.281079178140140731e-02 1.358477711819440215e-01
-1.705061082024432739e-01 -4.143106457242582974e-01 -1.176265270506108296e-01 -2.721590690148875322e-02 1.342117761906748419e-01
-1.472949389179755708e-01 -5.097731239092495592e-01 -8.795811518324607448e-02 -3.548357944950076420e-02 1.459362252547137251e-01
-1.160558464223385849e-01 -5.959860383944153295e-01 -8.342059336823735849e-02 -4.775736632286557704e-02 1.317996590139418889e-01
-8.115183246073300050e-02 -7.033158813263524767e-01 -8.813263525305410628e-02 -5.333584667605332369e-02 1.640077285288639442e-01
-5.287958115183245822e-02 -8.160558464223385267e-01 -8.010471204188482353e-02 -4.323081084150597747e-02 1.723895296519311338e-01
-1.331588132635252997e-01 -3.675392670157068276e-01 -1.129144851657940679e-01 -7.202826985397549862e-03 1.416555973794844658e-01
-1.195462478184991240e-01 -4.732984293193717718e-01 -9.267015706806282227e-02 -2.081800725385213324e-02 1.617399025106974197e-01
-1.022687609075043774e-01 -5.708551483420594153e-01 -8.184991273996509997e-02 -2.614711052778490377e-02 1.491452529084874856e-01
-8.062827225130890507e-02 -6.821989528795812108e-01 -8.394415357766142616e-02 -3.307790186504281499e-02 1.701911402411072638e-01
-6.387434554973822620e-02 -8.047120418848168200e-01 -7.452006980802791669e-02 -2.562234962187084561e-02 1.873634316099306030e-01
-4.991273996509598687e-02 -4.251308900523560474e-01 -7.521815008726003005e-02 -1.013622598418889575e-02 1.525768753409484368e-01
-4.642233856893543398e-02 -5.212914485165794920e-01 -7.033158813263526432e-02 -5.334117139913789954e-03 1.469549272046252464e-01
-3.542757417102966599e-02 -6.118673647469459187e-01 -7.417102966841186695e-02 -1.681077466101454920e-02 1.384887626835958341e-01
-2.425828970331588008e-02 -7.174520069808028033e-01 -7.940663176265271017e-02 -1.706984033615070381e-02 1.616300506829271011e-01
-1.293193717277487109e-01 -4.394415357766143226e-01 -9.546247818499127569e-02 -3.573728272405184148e-02 1.733524908256247055e-01
-1.040139616055846400e-01 -5.546247818499128179e-01 -7.696335078534032037e-02 -3.869688236815877619e-02 1.761375335378261020e-01
-6.492146596858638929e-02 -6.691099476439791305e-01 -8.760907504363001086e-02 -5.976732933060641823e-02 1.750328930396330973e-01
-3.280977312390925132e-02 -8.048865619546248240e-01 -8.307155322862129487e-02 -4.906990855565239451e-02 2.074803742190084455e-01
-9.581151832460733930e-02 -4.003490401396160858e-01 -8.865619546247818783e-02 -2.345905498438590267e-02 1.935372036211838176e-01
-8.219895287958114971e-02 -5.272251308900524069e-01 -7.137870855148342741e-02 -2.079429835290143996e-02 1.938135243917863682e-01
-5.549738219895288677e-02 -6.458987783595113719e-01 -7.975567190226877379e-02 -4.082522944796909692e-02 1.814454642131960171e-01
-3.193717277486911310e-02 -7.904013961605584893e-01 -8.289703315881326307e-02 -3.599899477904593831e-02 2.207938346448150568e-01
-7.242582897033160438e-02 -4.547993019197207887e-01 -8.080279232111693688e-02 -1.147255703939920567e-02 1.760904103721741831e-01
-6.910994764397905554e-02 -5.643979057591623771e-01 -7.434554973821989876e-02 -5.068683735731672677e-03 1.675333361073407523e-01
-5.602094240837696831e-02 -6.837696335078534693e-01 -8.132635253054101843e-02 -1.974049143023196007e-02 1.824661640307926602e-01
-9.581151832460733930e-02 -4.003490401396160858e-01 -8.865619546247818783e-02 -2.345905498438590267e-02 1.935372036211838176e-01
-8.219895287958114971e-02 -5.272251308900524069e-01 -7.137870855148342741e-02 -2.079429835290143996e-02 1.938135243917863682e-01
-5.549738219895288677e-02 -6.458987783595113719e-01 -7.975567190226877379e-02 -4.082522944796909692e-02 1.814454642131960171e-01
-3.193717277486911310e-02 -7.904013961605584893e-01 -8.289703315881326307e-02 -3.599899477904593831e-02 2.207938346448150568e-01
-3.630017452006981116e-02 -4.954624781849912840e-01 -6.928446771378708735e-02 -9.865359716498390760e-03 2.066392913590877345e-01
-2.617801047120418834e-02 -6.226876090750436132e-01 -7.643979057591623882e-02 -1.546000019620700529e-02 1.943162093626706888e-01
-9.249563699825481128e-03 -7.736474694589877688e-01 -8.586387434554973441e-02 -2.560224174902338279e-02 2.306868657594294547e-01
1.509598603839441555e-01 -3.966841186736475011e-01 2.949389179755671983e-02 5.602064017299828586e-03 2.801032008649914293e-02
1.465968586387434713e-01 -4.195462478184991406e-01 1.954624781849912882e-02 6.667337904796507425e-03 3.493685062113378176e-02
1.396160558464223378e-01 -4.410122164048865812e-01 9.598603839441537805e-03 1.067592451168978239e-02 3.282846787344601003e-02
1.333333333333333315e-01 -4.642233856893543398e-01 -2.094240837696335292e-03 9.597665588543861231e-03 3.545804231323155392e-02
1.249563699825479990e-01 -4.874345549738219874e-01 -1.483420593368237408e-02 1.280062651992248772e-02 3.546840264895182587e-02
1.171029668411867480e-01 -5.102966841186736824e-01 -2.582897033158813513e-02 1.200570924270592810e-02 3.494995357321067225e-02
1.101221640488656145e-01 -5.343804537521815723e-01 -3.664921465968586783e-02 1.066307089436015036e-02 3.678759458554248934e-02
1.043630017452007175e-01 -5.544502617801047029e-01 -4.275741710296684928e-02 8.805611770321561393e-03 3.068622283596908473e-02
9.720767888307156601e-02 -5.760907504363002030e-01 -5.043630017452007536e-02 1.093294042244574021e-02 3.306547835081153491e-02
8.865619546247818783e-02 -5.991273996509598465e-01 -5.410122164048866006e-02 1.334315904011260101e-02 3.522593986589719894e-02
8.184991273996509997e-02 -6.242582897033159828e-01 -5.968586387434555302e-02 1.040369288950048106e-02 3.841363528430964680e-02
7.190226876090750896e-02 -6.520069808027922909e-01 -6.439790575916230775e-02 1.547730837891960615e-02 4.242917296979663300e-02
6.404886561954624413e-02 -6.785340314136126816e-01 -6.753926701570681090e-02 1.226735646680706185e-02 4.053561267292784404e-02
6.090750436300175485e-02 -7.068062827225131128e-01 -7.556719022687609366e-02 5.065502878665121070e-03 4.319007717598680185e-02
5.026178010471204355e-02 -7.338568935427574047e-01 -7.678883071553230244e-02 1.624272150317444124e-02 4.127248906544316726e-02
4.048865619546247741e-02 -7.621291448516580580e-01 -7.801047120418848346e-02 1.493718250231067766e-02 4.321113509597036134e-02
3.123909249563699975e-02 -7.923211169284467559e-01 -7.888307155322861475e-02 1.413071487322864646e-02 4.612478628431218586e-02
2.146596858638743360e-02 -8.219895287958115526e-01 -7.940663176265271017e-02 1.519887793012779549e-02 4.532998680915312217e-02
1.666666666666666852e-01 -5.158813263525305892e-01 -1.326352530541012251e-02 2.855008242677540761e-02 6.670580006255950878e-02
1.427574171029668548e-01 -5.588132635253054703e-01 -2.792321116928447172e-02 3.654687850344884997e-02 6.562432198429501984e-02
1.202443280977312373e-01 -6.034904013961606140e-01 -4.013961605584642073e-02 3.437011639107349914e-02 6.820736276057991210e-02
1.020942408376963317e-01 -6.541012216404886725e-01 -5.741710296684118808e-02 2.775088740199533124e-02 7.738228217864076552e-02
7.783595113438045165e-02 -7.075043630017452401e-01 -6.544502617801047084e-02 3.734109209674153079e-02 8.161695844002074540e-02
5.532286212914485496e-02 -7.612565445026178157e-01 -7.137870855148342741e-02 3.440346358875007865e-02 8.214160298709319297e-02
9.581151832460733930e-02 -3.200698080279232305e-01 4.048865619546247741e-02 5.335654910279199678e-03 6.989707932465738516e-02
8.359511343804537642e-02 -3.736474694589878021e-01 1.797556719022687724e-02 1.866692746844681935e-02 8.186781046875957202e-02
7.294938917975567205e-02 -4.291448516579406958e-01 -6.980802792321117931e-03 1.627207505962591227e-02 8.509494990197818964e-02
6.090750436300175485e-02 -4.876090750436300469e-01 -2.670157068062827335e-02 1.840033081344268767e-02 8.906826799550519869e-02
4.712041884816754733e-02 -5.457242582897033900e-01 -3.821989528795811941e-02 2.107115999443632745e-02 8.881894022971267844e-02
3.787085514834206273e-02 -5.937172774869110548e-01 -5.078534031413613203e-02 1.414097497500722833e-02 7.337298336088650397e-02
2.687609075043630169e-02 -6.570680628272251855e-01 -6.125654450261779765e-02 1.654462451699275152e-02 9.686610805916719136e-02
1.797556719022687724e-02 -7.218150087260035708e-01 -6.945898778359511916e-02 1.361359071478892430e-02 9.903219912130770131e-02
4.013961605584642246e-03 -7.893542757417102429e-01 -7.364746945898778541e-02 2.131668629947332597e-02 1.031194699737019854e-01
1.816753926701570876e-01 -5.568935427574170927e-01 -1.273996509598603923e-02 4.939264760165139323e-02 7.422246504464376227e-02
1.490401396160558334e-01 -6.078534031413612704e-01 -2.827225130890052840e-02 4.990496129613359449e-02 7.792646362818718420e-02
1.172774869109947660e-01 -6.666666666666667407e-01 -4.642233856893543398e-02 4.853379924255035727e-02 8.986752936670051872e-02
8.446771378708552158e-02 -7.296684118673648634e-01 -5.951134380453752815e-02 5.012844553070580633e-02 9.625728104566388943e-02
1.273996509598603888e-01 -4.356020942408377339e-01 1.553228621291448570e-02 2.958847005234319441e-02 9.303041484925923810e-02
1.048865619546247852e-01 -4.977312390924956698e-01 -1.361256544502617918e-02 3.469249175837859495e-02 9.500405435371366003e-02
8.464223385689353951e-02 -5.565445026178010846e-01 -3.420593368237347109e-02 3.094189291963227173e-02 8.989153374065579627e-02
6.265270506108203130e-02 -6.225130890052356092e-01 -4.816753926701570349e-02 3.386283438857598527e-02 1.007885936919819952e-01
4.275741710296684928e-02 -6.961605584642234223e-01 -6.055846422338569818e-02 3.039267411386272280e-02 1.125062147021936437e-01
2.129144851657940873e-02 -7.719022687609075062e-01 -6.963350785340315097e-02 3.281439729428101831e-02 1.157841335424223683e-01
7.015706806282721864e-02 -3.729493891797557303e-01 8.027923211169284493e-03 2.188195913805260004e-02 1.107440614913638016e-01
5.898778359511343966e-02 -4.488656195462478182e-01 -2.059336823734729538e-02 1.734531629994671628e-02 1.160801936996432165e-01
4.886561954624781684e-02 -5.232111692844677586e-01 -3.961605584642233918e-02 1.547963900734916284e-02 1.134283892779895386e-01
3.734729493891798119e-02 -5.923211169284468003e-01 -5.410122164048866006e-02 1.759805970489634191e-02 1.055883582293780931e-01
2.914485165794066315e-02 -6.753926701570681645e-01 -6.666666666666666574e-02 1.253170967132646169e-02 1.269168894372637579e-01
1.762652705061082056e-02 -7.623036649214659510e-01 -7.225130890052355870e-02 1.787360361088425470e-02 1.328515611674678520e-01
2.148342059336823817e-01 -3.184991273996509720e-01 2.809773123909250006e-02 1.141035018645527033e-01 1.173026654682317454e-01
2.089005235602094390e-01 -5.670157068062827710e-01 -2.006980802792321036e-02 6.242757199505538646e-02 8.136927119013637189e-02
1.643979057591622994e-01 -6.263525305410122535e-01 -3.996509598603839586e-02 6.802550930649324534e-02 9.070067907532426699e-02
1.205933682373473009e-01 -6.966841186736475455e-01 -5.828970331588132631e-02 6.695539233883045227e-02 1.075020841137398070e-01
1.223385689354275774e-01 -5.303664921465969240e-01 -3.019197207678883318e-02 4.692460388632051227e-02 1.074466782169726381e-01
9.057591623036650996e-02 -5.949389179755673052e-01 -4.712041884816754733e-02 4.855189386090397186e-02 9.870439960733236318e-02
5.986038394415358482e-02 -6.774869109947644352e-01 -6.631762652705061600e-02 4.695619336381804537e-02 1.261947696652608308e-01
2.582897033158813513e-02 -7.603839441535776844e-01 -7.294938917975567205e-02 5.202477797538675869e-02 1.267270232733779534e-01
9.755671902268761575e-02 -3.888307155322862640e-01 1.012216404886561935e-02 2.614939804979844046e-02 1.139366629312646290e-01
7.661431064572425675e-02 -4.738219895287957839e-01 -2.513089005235602177e-02 3.202427053036200483e-02 1.299651645690522994e-01
5.235602094240837667e-02 -5.511343804537521818e-01 -4.118673647469459076e-02 3.707493740260506265e-02 1.181596925852809316e-01
3.385689354275741442e-02 -6.368237347294939399e-01 -6.265270506108203130e-02 2.826544491161489189e-02 1.309276740717256471e-01
1.413612565445026420e-02 -7.314136125654450149e-01 -7.312390924956370386e-02 3.015220865690021457e-02 1.446238680711496583e-01
3.944153577661430737e-02 -3.190226876090750951e-01 7.678883071553228683e-03 8.806067608473642019e-03 1.288888077240232799e-01
2.495636998254799344e-02 -4.151832460732984287e-01 -2.495636998254799344e-02 2.214977320960008142e-02 1.470424703432486879e-01
1.378708551483420752e-02 -5.078534031413612926e-01 -4.520069808027923214e-02 1.708618283862802650e-02 1.417619232392419715e-01
1.919720767888307171e-03 -5.982547993019197152e-01 -5.933682373472949634e-02 1.786115761858908177e-02 1.383573254335481451e-01
-6.108202443280977105e-03 -7.017452006980803292e-01 -6.945898778359511916e-02 1.227303509674919010e-02 1.582154307037450802e-01
1.219895287958115276e-01 -4.335078534031414077e-01 1.012216404886561935e-02 3.415079278023427228e-02 1.235298207597537445e-01
8.778359511343805655e-02 -5.230366492146596435e-01 -2.513089005235602177e-02 5.229690879693989214e-02 1.368791541470925632e-01
5.898778359511343966e-02 -6.092495636998254138e-01 -4.904013961605584865e-02 4.402502564681711611e-02 1.318082586031978365e-01
2.966841186736474817e-02 -7.111692844677137693e-01 -6.492146596858638929e-02 4.479460419000050320e-02 1.557145764700018364e-01
8.586387434554973441e-02 -3.783595113438045776e-01 6.631762652705061253e-03 2.401427184855797065e-02 1.398164272071595604e-01
6.527050610820245291e-02 -4.835951134380453986e-01 -3.280977312390925132e-02 3.148148840417770711e-02 1.608757415908403932e-01
4.171029668411867924e-02 -5.759162303664921989e-01 -4.729493891797557220e-02 3.601628759337581476e-02 1.411304899029318938e-01
2.164048865619546194e-02 -6.888307155322862529e-01 -6.474694589877835749e-02 3.067231347346196027e-02 1.725651027593902431e-01
2.600349040139616000e-02 -3.273996509598603999e-01 -1.919720767888307171e-03 1.040024760416144792e-02 1.538703299384910905e-01
1.308900523560209417e-02 -4.424083769633508356e-01 -3.717277486910994938e-02 2.001565070353100717e-02 1.758708508483591559e-01
2.617801047120419007e-03 -5.539267015706805797e-01 -5.322862129144851490e-02 1.600774651605094828e-02 1.704825003959424545e-01
-7.155322862129144534e-03 -6.664921465968586256e-01 -6.596858638743455239e-02 1.493805344458104881e-02 1.720543655670496441e-01
1.013961605584642184e-01 -4.465968586387434880e-01 -6.980802792321117280e-04 4.377245560004482811e-02 1.606769406782132537e-01
6.841186736474694219e-02 -5.516579406631763050e-01 -3.333333333333333287e-02 5.067913539193310418e-02 1.605728395049669244e-01
3.682373472949389270e-02 -6.652705061082024862e-01 -5.357766143106457157e-02 4.826143345371256693e-02 1.735811777810325196e-01
5.916230366492147147e-02 -4.113438045375218399e-01 -1.099476439790575931e-02 3.815557855204761845e-02 1.822395814758637766e-01
3.577661431064572267e-02 -5.294938917975567927e-01 -3.769633507853403787e-02 3.576073529140976620e-02 1.806717745692866806e-01
1.465968586387434575e-02 -6.527050610820244181e-01 -5.724258289703315628e-02 3.227626561259545196e-02 1.883226737396063999e-01
-2.617801047120419007e-03 -3.581151832460733320e-01 -1.954624781849912882e-02 1.813696309214796881e-02 1.869707518764077703e-01
-1.413612565445026420e-02 -4.914485165794066357e-01 -4.991273996509598687e-02 1.760882923480174000e-02 2.038355384149776184e-01
-2.652705061082024501e-02 -6.188481675392670800e-01 -6.387434554973822620e-02 1.920612470703509864e-02 1.944620126587304210e-01
2.565445026178010679e-02 -2.774869109947644130e-01 -2.094240837696335292e-03 1.333083395452612594e-03 3.785956843085425128e-02
2.303664921465968865e-02 -3.083769633507854047e-01 -9.249563699825481128e-03 4.002483688436880675e-03 4.722930752355528755e-02
2.024432809773123870e-02 -3.397905759162303529e-01 -1.692844677137870721e-02 4.269054493144148338e-03 4.802686304787150140e-02
1.710296684118673555e-02 -3.708551483420593486e-01 -2.635253054101221667e-02 4.800039084180546950e-03 4.720038432777536735e-02
1.343804537521815085e-02 -4.017452006980802848e-01 -3.630017452006981116e-02 5.596985031687506419e-03 4.717458812422328090e-02
9.947643979057591013e-03 -4.314136125654450260e-01 -4.537521815008726395e-02 5.337183838733897123e-03 4.536606262923809779e-02
7.853403141361257889e-03 -4.617801047120419500e-01 -4.886561954624781684e-02 3.199312751388547465e-03 4.639003489513408157e-02
6.631762652705061253e-03 -4.933682373472949578e-01 -5.218150087260035874e-02 1.866589384608388202e-03 4.826466837344534772e-02
5.410122164048865485e-03 -5.249563699825480212e-01 -5.689354275741709960e-02 1.868230931642266392e-03 4.830711408960717407e-02
3.664921465968586436e-03 -5.551483420593368301e-01 -6.055846422338569818e-02 2.665493980076589012e-03 4.611304585532496197e-02
3.490401396160558640e-04 -5.820244328097732289e-01 -6.492146596858638929e-02 5.067501755557082474e-03 4.107343528188387577e-02
-1.396160558464223456e-03 -6.097731239092495370e-01 -6.841186736474694219e-02 2.667902326048589810e-03 4.241964698417237389e-02
-1.745200698080279483e-03 -6.425828970331588508e-01 -7.242582897033160438e-02 2.668970423169056655e-04 4.990974691326127005e-02
1.745200698080279320e-04 -6.771378708551483161e-01 -7.835951134380454708e-02 -2.935523884494050696e-03 5.283942992089280671e-02
-1.221640488656195551e-03 -7.132635253054101510e-01 -8.184991273996509997e-02 2.134791038500291529e-03 5.523771812119512847e-02
-3.839441535776614341e-03 -7.858638743455498288e-01 -8.656195462478184777e-02 7.734396582729282515e-03 5.680780938349459103e-02
6.457242582897033782e-03 -2.883071553228621631e-01 -1.902268760907504727e-02 8.004879836358073627e-04 8.271709164236670797e-02
2.966841186736475251e-03 -3.593368237347295269e-01 -3.455497382198952777e-02 5.336475676435323799e-03 1.085972800154588330e-01
1.745200698080279320e-04 -4.291448516579406958e-01 -4.816753926701570349e-02 4.268539485434928379e-03 1.067134871358731973e-01
-2.443280977312391102e-03 -4.973821989528796061e-01 -5.532286212914485496e-02 4.002489524543594024e-03 1.043315602731030023e-01
-2.966841186736475251e-03 -5.631762652705062377e-01 -6.317626527050611285e-02 8.001015372386560166e-04 1.008127936920707873e-01
-5.759162303664922163e-03 -6.291448516579406514e-01 -6.910994764397905554e-02 4.267387003103462022e-03 1.010837296360131837e-01
-1.570680628272251361e-03 -7.038394415357765999e-01 -7.940663176265271017e-02 -6.403458031976959168e-03 1.141950015702557497e-01
-7.329842931937172873e-03 -3.668411867364747003e-01 -4.258289703315881747e-02 7.737102862929069388e-03 1.392678515327232247e-01
-1.186736474694590100e-02 -4.553228621291448563e-01 -5.026178010471204355e-02 6.939457203658347569e-03 1.353194154713377173e-01
-1.361256544502617918e-02 -5.394415357766143559e-01 -5.706806282722513141e-02 2.935137585732166751e-03 1.286123923929914092e-01
-1.605584642233856899e-02 -6.225130890052356092e-01 -6.631762652705061600e-02 4.000796308702853250e-03 1.269586028628371943e-01
-1.151832460732984433e-02 -7.190226876090751729e-01 -7.591623036649214340e-02 -6.671090669317006512e-03 1.475645256052924292e-01
-1.518324607329843076e-02 -3.762652705061081959e-01 -5.584642233856894344e-02 1.013655104176225050e-02 1.661860868162600147e-01
-1.954624781849912882e-02 -4.818499127399651361e-01 -6.212914485165794282e-02 6.668664500804538826e-03 1.613816809194699164e-01
-2.129144851657940873e-02 -5.799301919720767362e-01 -6.945898778359511916e-02 2.667678698141168290e-03 1.499235428355334410e-01
-2.356020942408377367e-02 -6.919720767888307700e-01 -7.172774869109949103e-02 3.730676771663835739e-03 1.710781776720130265e-01
-1.867364746945899059e-02 -4.120418848167539116e-01 -4.746945898778360401e-02 8.539064540002033396e-03 1.977327132544219046e-01
-2.129144851657940873e-02 -5.354275741710297076e-01 -5.724258289703315628e-02 4.000152067243293273e-03 1.885405007694006818e-01
-2.006980802792321036e-02 -6.565445026178010623e-01 -6.963350785340315097e-02 -1.866067987887384426e-03 1.850073119419773648e-01
-1.431064572425828907e-02 -4.668411867364747336e-01 -5.654450261780105680e-02 4.267264170576778176e-03 2.242980729659420913e-01
-1.797556719022687724e-02 -6.036649214659687290e-01 -6.369982547993019439e-02 5.601323012991553212e-03 2.091160591516846856e-01
9.336823734729493562e-02 -7.558464223385690239e-01 -3.647469458987783603e-02 3.465532116832242999e-03 -3.545505934912963203e-02
9.022687609075044635e-02 -7.335078534031413966e-01 -3.577661431064572267e-02 4.533535405837178962e-03 -3.413485482042123015e-02
8.987783595113439661e-02 -6.636998254799302277e-01 -4.642233856893543398e-02 2.134490678795572006e-03 -3.762039821377218679e-02
8.883071553228621964e-02 -6.188481675392670800e-01 -5.375218150087260338e-02 2.133596325548568328e-03 -3.360414212738985912e-02
8.464223385689353951e-02 -5.961605584642233335e-01 -5.287958115183245822e-02 6.400474156219931703e-03 -3.466923501285806147e-02
8.324607329842931280e-02 -5.724258289703315628e-01 -5.427574171029668493e-02 2.133996747582545764e-03 -3.627794470890315093e-02
6.387434554973822620e-02 -5.228621291448517505e-01 -4.136125654450262257e-02 5.336825843093691117e-03 -3.041990730563400025e-02
6.055846422338569818e-02 -5.031413612565445170e-01 -4.118673647469459076e-02 5.066857439230311975e-03 -3.013446792805410043e-02
5.794066317626526963e-02 -4.832460732984293905e-01 -4.118673647469459076e-02 4.002081038171688247e-03 -3.041581589010463466e-02
5.584642233856894344e-02 -4.602094240837696915e-01 -4.066317626527050921e-02 3.202372179571863660e-03 -3.549295832358820291e-02
5.165794066317627026e-02 -4.389179755671901995e-01 -4.240837696335079260e-02 6.403994911521472544e-03 -3.255364080023425560e-02
4.816753926701570349e-02 -4.176265270506108185e-01 -4.171029668411867924e-02 5.332104409214557042e-03 -3.252583689620867913e-02
4.432809773123909391e-02 -3.945898778359511194e-01 -3.979057591623036405e-02 5.871587209684156483e-03 -3.522952325810500135e-02
3.926701570680628250e-02 -3.699825479930192174e-01 -3.577661431064572267e-02 7.734196505941048211e-03 -3.760419680474778870e-02
3.595113438045375448e-02 -3.485165794066317768e-01 -3.193717277486911310e-02 5.068053893301871157e-03 -3.280898046716478056e-02
3.263525305410122646e-02 -3.268760907504363322e-01 -2.879581151832460648e-02 5.067619928767330174e-03 -3.307288795616573213e-02
2.914485165794066315e-02 -3.050610820244328281e-01 -2.547993019197207845e-02 5.067248809554350530e-03 -3.333716322075231525e-02
2.513089005235602177e-02 -2.835951134380453875e-01 -2.233856893542757530e-02 6.133841366947525436e-03 -3.280271687541504166e-02
2.146596858638743360e-02 -2.607329842931937480e-01 -1.972076788830715369e-02 5.334307612028084400e-03 -3.493971485878390876e-02
1.675392670157068234e-02 -2.376963350785340212e-01 -1.623036649214659732e-02 7.206432977949215994e-03 -3.523145011441847219e-02
1.116928446771378765e-02 -2.150087260034904135e-01 -1.134380453752181599e-02 8.805987351854852041e-03 -3.469025320427666231e-02
8.376963350785341170e-03 -1.910994764397905832e-01 -6.980802792321117931e-03 4.264298125466942091e-03 -3.651305269931070380e-02
6.108202443280977105e-03 -1.677137870855148205e-01 -2.094240837696335292e-03 3.467705540418362150e-03 -3.574404172431236426e-02
2.966841186736475251e-03 -1.458987783595113441e-01 2.966841186736475251e-03 4.803602051026058077e-03 -3.309148079595731345e-02
-8.726003490401397413e-04 -1.218150087260035097e-01 7.678883071553228683e-03 5.867793962502313582e-03 -3.680707121933265991e-02
-4.188481675392670585e-03 -9.703315881326352033e-02 1.082024432809773097e-02 5.068635707042109910e-03 -3.788138265263054499e-02
-9.249563699825481128e-03 -7.120418848167539561e-02 1.465968586387434575e-02 7.734864408292694074e-03 -3.947448042852821221e-02
-1.343804537521815085e-02 -4.938917975567190533e-02 1.588132635253054065e-02 6.403285315959102511e-03 -3.335044435395366491e-02
2.431064572425828962e-01 -7.443280977312390911e-01 -7.452006980802791669e-02 1.040274890449282945e-02 -8.375546553873707001e-02
2.335078534031413966e-01 -6.895287958115182692e-01 -8.324607329842931280e-02 1.468005993095424129e-02 -8.380979669672097843e-02
2.181500872600349028e-01 -6.378708551483420752e-01 -8.551483420593369855e-02 2.346978191170955713e-02 -7.894381188484093925e-02
1.568935427574171260e-01 -5.136125654450262035e-01 -6.527050610820245291e-02 2.640340844933940223e-02 -6.560846948017673430e-02
1.417102966841186640e-01 -4.650959860383944156e-01 -7.225130890052355870e-02 2.319832116946833611e-02 -7.412796879439294273e-02
1.254799301919720944e-01 -4.169284467713787468e-01 -7.120418848167539561e-02 2.482299074411854420e-02 -7.393514447441772164e-02
1.054101221640488667e-01 -3.682373472949389548e-01 -6.474694589877835749e-02 3.069611465095393663e-02 -7.447144337057513830e-02
8.656195462478184777e-02 -3.204188481675392941e-01 -5.584642233856894344e-02 2.879066887507008426e-02 -7.277641298976043893e-02
6.788830715532287452e-02 -2.727748691099476930e-01 -4.467713787085515059e-02 2.855411050510347007e-02 -7.285301091489018721e-02
4.956369982547993019e-02 -2.214659685863874239e-01 -3.211169284467713797e-02 2.801426093703945214e-02 -7.843993062371050484e-02
3.280977312390925132e-02 -1.687609075043630114e-01 -1.832460732984293392e-02 2.587870915512227241e-02 -8.057082644172085251e-02
1.675392670157068234e-02 -1.165794066317626526e-01 -6.806282722513089592e-03 2.454242041577346309e-02 -7.976286635126376978e-02
1.047120418848167646e-03 -5.986038394415358482e-02 -6.980802792321117280e-04 2.401449069274717504e-02 -8.671899416825366858e-02
3.492146596858639040e-01 -6.661431064572426175e-01 -1.162303664921466029e-01 5.812902073316043861e-02 -1.122583382048649298e-01
1.699825479930192063e-01 -4.188481675392670134e-01 -7.940663176265271017e-02 5.974657463055776940e-02 -1.018892478074690938e-01
1.282722513089005201e-01 -3.514834205933682898e-01 -7.050610820244328225e-02 6.377000101093566187e-02 -1.029925539339796581e-01
8.551483420593369855e-02 -2.849912739965095865e-01 -5.043630017452007536e-02 6.540489488710343746e-02 -1.017112855183120307e-01
4.572425828970332062e-02 -2.162303664921466084e-01 -2.478184991273996510e-02 6.078479475816245259e-02 -1.050403909417368109e-01
6.631762652705061253e-03 -1.424083769633507912e-01 -2.966841186736475251e-03 5.974306975082103316e-02 -1.128183861812379341e-01
2.153577661431064771e-01 -7.631762652705060823e-01 -6.143106457242582946e-02 2.827641521494422133e-02 -1.349798688562432458e-01
1.987783595113438162e-01 -6.781849912739965625e-01 -7.225130890052355870e-02 2.532495016272741720e-02 -1.298236918868235223e-01
1.092495636998254832e-01 -4.619546247818498985e-01 -5.462478184991274160e-02 4.000140408676032544e-02 -1.085371430887431543e-01
8.237347294938918152e-02 -3.825479930191972300e-01 -4.869109947643979197e-02 4.109636050533287815e-02 -1.214210651293925330e-01
5.392670157068062825e-02 -3.038394415357766332e-01 -3.647469458987783603e-02 4.346447125855534832e-02 -1.202605922552666268e-01
2.600349040139616000e-02 -2.256544502617801040e-01 -1.727748691099476389e-02 4.264667685031389016e-02 -1.194106951808789202e-01
6.980802792321117280e-04 -1.439790575916230497e-01 4.886561954624782204e-03 3.866443199866277658e-02 -1.247927874163736323e-01
-2.251308900523560363e-02 -5.340314136125654670e-02 7.504363001745201212e-03 3.548046287997799059e-02 -1.384538363511923220e-01
3.158813263525305642e-02 -6.125654450261780459e-01 -3.560209424083769780e-02 1.868071550623130045e-02 -1.379704273817370930e-01
1.029668411867364769e-02 -5.349040139616055844e-01 -2.024432809773123870e-02 3.253009036337594501e-02 -1.186548378008385196e-01
-5.759162303664922163e-03 -4.541012216404886614e-01 -1.308900523560209417e-02 2.428327462052748409e-02 -1.235511664758706107e-01
-1.972076788830715369e-02 -3.659685863874345690e-01 -8.027923211169284493e-03 2.134548254159244346e-02 -1.347433585438023163e-01
-3.176265270506108129e-02 -2.776614310645724171e-01 0.000000000000000000e+00 1.839109812592771079e-02 -1.348680529234698999e-01
-4.310645724258290595e-02 -1.879581151832460661e-01 1.291448516579406756e-02 1.760447878532941240e-02 -1.371015469039289780e-01
-5.270506108202443335e-02 -8.952879581151833299e-02 1.588132635253054065e-02 1.493754175369092253e-02 -1.504423848050299439e-01
7.853403141361257889e-03 -5.368237347294939621e-01 -4.363001745200698056e-02 2.933348669005142201e-03 -1.373340513216043113e-01
1.047120418848167646e-03 -4.502617801047120727e-01 -3.944153577661430737e-02 1.039961867853264783e-02 -1.325284739289929736e-01
-3.315881326352530627e-03 -3.527050610820244847e-01 -3.263525305410122646e-02 6.668358316411000797e-03 -1.493712262876063512e-01
-7.329842931937172873e-03 -2.563699825479930361e-01 -2.094240837696335206e-02 5.870033375242809243e-03 -1.472844737788196467e-01
-9.598603839441537805e-03 -1.572425828970331618e-01 -4.886561954624782204e-03 3.467474303103127570e-03 -1.517686829588982822e-01
1.389179755671902383e-01 -7.642233856893543287e-01 -3.961605584642233918e-02 2.747978456759560956e-02 -2.011626947957968203e-01
9.546247818499127569e-02 -5.343804537521815723e-01 -4.502617801047120727e-02 4.510290311506132133e-02 -1.617299366137701089e-01
7.155322862129144534e-02 -4.219895287958115304e-01 -4.502617801047120727e-02 3.656857486331798607e-02 -1.721659181521175419e-01
4.589877835951134549e-02 -3.057591623036649553e-01 -3.455497382198952777e-02 3.921519127912289487e-02 -1.776688257952098726e-01
1.867364746945899059e-02 -1.895287958115183247e-01 -1.308900523560209417e-02 4.131756397399503206e-02 -1.775322426237464501e-01
-3.315881326352530627e-03 -5.881326352530541479e-02 -1.221640488656195551e-03 3.361060800197203380e-02 -1.997963920117226122e-01
6.404886561954624413e-02 -5.579406631762652280e-01 -4.624781849912740217e-02 1.333416570137356018e-02 -1.893451529595046035e-01
4.677137870855149065e-02 -4.425828970331588397e-01 -4.240837696335079260e-02 2.642144883145216075e-02 -1.764098755312109024e-01
3.054101221640488639e-02 -3.155322862129144590e-01 -2.251308900523560363e-02 2.481003577796495399e-02 -1.942118929715966058e-01
1.780104712041884890e-02 -1.893542757417102929e-01 -4.886561954624782204e-03 1.946990354258692699e-02 -1.928320583738403760e-01
8.900523560209424451e-03 -4.973821989528796200e-02 9.424083769633509466e-03 1.359932795526887402e-02 -2.133227914551980020e-01
-1.745200698080279483e-03 -4.776614310645724837e-01 -3.490401396160558445e-02 2.001350547451663867e-02 -1.838574036258928124e-01
-5.759162303664922163e-03 -3.427574171029668659e-01 -1.919720767888307561e-02 5.869735971812206285e-03 -2.062411775550379855e-01
-7.678883071553228683e-03 -2.099476439790576021e-01 5.235602094240838231e-04 2.933981437413935370e-03 -2.029781703520005254e-01
2.240837696335078733e-01 -7.066317626527051088e-01 -7.399650959860384902e-02 2.962137030497309642e-02 -1.854671383960027620e-01
1.008726003490401507e-01 -3.996509598603839586e-01 -5.218150087260035874e-02 5.389160734417819398e-02 -1.643427233862068126e-01
6.143106457242582946e-02 -2.944153577661431376e-01 -3.664921465968586783e-02 6.025804714361145120e-02 -1.607770018920251787e-01
2.338568935427574533e-02 -1.867364746945898712e-01 -8.726003490401396112e-03 5.812298647326115397e-02 -1.645040488715694693e-01
-9.424083769633509466e-03 -6.439790575916230775e-02 1.221640488656195551e-03 5.011482712808777717e-02 -1.868643288127102287e-01
4.502617801047120727e-02 -6.938917975567190366e-01 -4.188481675392670411e-02 2.666878806140797909e-03 -9.120725517001515570e-02
4.153577661431064744e-02 -5.769633507853403342e-01 -5.183246073298430207e-02 5.603056412726783661e-03 -8.938209039349873097e-02
2.565445026178010679e-02 -4.774869109947644241e-01 -4.013961605584642073e-02 1.066603077928403309e-02 -7.999523084463022737e-02
1.954624781849912882e-02 -4.190226876090750729e-01 -3.804537521815009454e-02 9.334684587895929198e-03 -8.934626676986102967e-02
1.448516579406631741e-02 -3.589877835951134633e-01 -2.862129144851657814e-02 7.737934860724658345e-03 -9.178791696859592286e-02
9.598603839441537805e-03 -3.010471204188481797e-01 -2.129144851657940873e-02 7.474201826758748030e-03 -8.862267880299663780e-02
5.584642233856893824e-03 -2.424083769633507968e-01 -1.919720767888307561e-02 6.133287195171299548e-03 -8.959932598163286577e-02
1.047120418848167646e-03 -1.820244328097731235e-01 -9.773123909249564409e-03 6.938010172668191908e-03 -9.232890460550748080e-02
-2.268760907504363197e-03 -1.211169284467713964e-01 1.919720767888307171e-03 5.067872911823272444e-03 -9.308882348559587017e-02
-2.799301919720768028e-01 -7.289703315881327361e-01 -2.356020942408377367e-02 -2.213999034695616694e-02 -6.161852735116697677e-02
-2.638743455497382095e-01 -6.898778359511343883e-01 -2.617801047120418834e-02 -2.481817628646085933e-02 -5.977711277599168094e-02
-2.483420593368237672e-01 -6.518324607329843978e-01 -2.687609075043630169e-02 -2.401688073091624853e-02 -5.817422221488591921e-02
-2.340314136125654643e-01 -6.134380453752181772e-01 -2.687609075043630169e-02 -2.214613187714101553e-02 -5.870059051772333336e-02
-2.178010471204188669e-01 -5.757417102966841949e-01 -3.071553228621291473e-02 -2.481315567495208374e-02 -5.763055511601766767e-02
-1.703315881326352699e-01 -4.808027923211169452e-01 -3.176265270506108129e-02 -2.108299834193981537e-02 -5.524279312381697588e-02
-1.567190226876090942e-01 -4.446771378708551659e-01 -2.617801047120418834e-02 -2.081295311457923708e-02 -5.523437557330644621e-02
-1.417102966841186640e-01 -4.045375218150087382e-01 -1.867364746945899059e-02 -2.295248449645434508e-02 -6.138455156028476550e-02
-1.275741710296684206e-01 -3.671902268760907639e-01 -1.221640488656195421e-02 -2.160236370620483362e-02 -5.707291152009678903e-02
-1.134380453752181495e-01 -3.286212914485165393e-01 -6.108202443280977105e-03 -2.161137939571141503e-02 -5.896438082039785755e-02
-9.825479930191972910e-02 -2.895287958115183580e-01 -6.980802792321117280e-04 -2.321176544235757644e-02 -5.976362596652977366e-02
-8.132635253054101843e-02 -2.523560209424083878e-01 3.490401396160558965e-03 -2.615125695617442902e-02 -5.683895644556284654e-02
-6.352530541012216259e-02 -2.162303664921466084e-01 5.235602094240838014e-03 -2.720278820692571473e-02 -5.520565841993745754e-02
-4.502617801047120727e-02 -1.783595113438045665e-01 4.188481675392670585e-03 -2.827375683882468044e-02 -5.788118145306560963e-02
-2.687609075043630169e-02 -1.378708551483420752e-01 5.759162303664922163e-03 -2.774913741893761041e-02 -6.190192193455314879e-02
-8.376963350785341170e-03 -9.790575916230367937e-02 8.726003490401396112e-03 -2.826706159507659868e-02 -6.106751986106170177e-02
1.099476439790575931e-02 -5.584642233856894344e-02 1.029668411867364769e-02 -2.960952857906696406e-02 -6.428735484283909507e-02
-2.602094240837696248e-01 -7.029668411867365796e-01 -3.944153577661430737e-02 -1.305533928826873268e-02 -3.889958236912694628e-02
-2.511343804537521929e-01 -6.774869109947644352e-01 -4.101221640488656589e-02 -1.386210322552280765e-02 -3.892052059473730119e-02
-2.448516579406631866e-01 -6.513089005235602746e-01 -4.013961605584642073e-02 -9.864206334685106381e-03 -3.999002568115559569e-02
-2.366492146596858859e-01 -6.263525305410122535e-01 -4.048865619546247741e-02 -1.253638115683447345e-02 -3.814260649845391954e-02
-2.273996509598603943e-01 -6.029668411867364908e-01 -4.223385689354276079e-02 -1.413969164754713681e-02 -3.548262243629755897e-02
-2.181500872600349028e-01 -5.783595113438045887e-01 -4.397905759162303724e-02 -1.413916086131835302e-02 -3.761550342350721693e-02
-1.815008726003490558e-01 -5.005235602094241232e-01 -5.026178010471204355e-02 -1.200664136128991137e-02 -3.521948132645043306e-02
-1.741710296684118864e-01 -4.767888307155322969e-01 -4.904013961605584865e-02 -1.119033562311528077e-02 -3.623537249389716108e-02
-1.661431064572425897e-01 -4.516579406631762716e-01 -4.642233856893543398e-02 -1.227456967577243013e-02 -3.842473985459190361e-02
-1.586387434554973885e-01 -4.267015706806283060e-01 -4.066317626527050921e-02 -1.147277030703881297e-02 -3.815363148619879685e-02
-1.500872600349040242e-01 -4.029668411867364797e-01 -3.664921465968586783e-02 -1.307778341115222592e-02 -3.629752130442256280e-02
-1.413612565445026281e-01 -3.785340314136125817e-01 -3.315881326352530800e-02 -1.333616749276868990e-02 -3.734126897975231785e-02
-1.338568935427574269e-01 -3.528795811518324332e-01 -2.879581151832460648e-02 -1.147342270433594595e-02 -3.922309622179969563e-02
-1.258289703315881303e-01 -3.294938917975567261e-01 -2.565445026178010679e-02 -1.227276669670029213e-02 -3.575110298603987463e-02
-1.176265270506108296e-01 -3.048865619546247685e-01 -2.181500872600349028e-02 -1.226226805325527844e-02 -3.758651729367376571e-02
-1.089005235602094335e-01 -2.797556719022687988e-01 -1.867364746945899059e-02 -1.334636554425802819e-02 -3.817060545657791765e-02
-8.917975567190228325e-02 -2.300174520069808159e-01 -1.465968586387434575e-02 -1.440148135659805560e-02 -3.973742078024276869e-02
-7.835951134380454708e-02 -2.059336823734729816e-01 -1.465968586387434575e-02 -1.653674525453775399e-02 -3.680759427622914970e-02
-6.771378708551482883e-02 -1.818499127399650916e-01 -1.483420593368237408e-02 -1.654149482171754157e-02 -3.681816589350037777e-02
-5.759162303664921295e-02 -1.591623036649214562e-01 -1.518324607329843076e-02 -1.547021923316640145e-02 -3.467462931571781842e-02
-4.851657940663176016e-02 -1.314136125654450371e-01 -1.518324607329843076e-02 -1.387256625403518462e-02 -4.241803912291523815e-02
-3.664921465968586783e-02 -1.064572425828970298e-01 -1.605584642233856899e-02 -1.814635889613066752e-02 -3.816072532568658832e-02
-3.589877835951134633e-01 -6.001745200698080929e-01 -1.937172774869110048e-02 -4.482855267092925033e-02 -7.284639809025994506e-02
-3.329842931937172512e-01 -5.547993019197208220e-01 -1.588132635253054065e-02 -3.975078844582420612e-02 -6.936379191888776552e-02
-2.729493891797556970e-01 -4.823734729493892037e-01 -2.268760907504363197e-02 -4.055019403050406229e-02 -6.402662215342749819e-02
-2.488656195462478349e-01 -4.371727748691099924e-01 -1.465968586387434575e-02 -3.706925075590123547e-02 -6.907148162430519489e-02
-2.232111692844677142e-01 -3.897033158813263398e-01 -9.424083769633509466e-03 -3.920557527556578492e-02 -7.254364948948230363e-02
-1.949389179755671997e-01 -3.429319371727748700e-01 -4.886561954624782204e-03 -4.321483572972898562e-02 -7.175796797096978263e-02
-1.656195462478185221e-01 -2.991273996509598576e-01 -3.490401396160558965e-03 -4.479187943852896980e-02 -6.692120082780224355e-02
-1.357766143106457490e-01 -2.553228621291449008e-01 -2.268760907504363197e-03 -4.559581992514667032e-02 -6.692719766790526659e-02
-1.057591623036649164e-01 -2.087260034904014350e-01 -1.047120418848167646e-03 -4.589409231894594349e-02 -7.124257354161951661e-02
-7.591623036649214340e-02 -1.612565445026178101e-01 -2.617801047120419007e-03 -4.561231882690668094e-02 -7.255292819250658276e-02
-4.607329842931937730e-02 -1.130890052356021136e-01 -4.363001745200698056e-03 -4.558456166930447556e-02 -7.357508199256161674e-02
-1.047120418848167603e-02 -6.160558464223385433e-02 -8.900523560209424451e-03 -5.445406499462210337e-02 -7.874484888928198756e-02
-2.150087260034904135e-01 -7.392670157068063075e-01 -4.694589877835951552e-02 -2.026020361812285939e-02 -9.943494670473476682e-02
-1.970331588132635259e-01 -6.790575916230365827e-01 -5.148342059336824539e-02 -2.747564867909058767e-02 -9.203008538142001815e-02
-1.801047120418848291e-01 -6.218150087260035930e-01 -5.340314136125654670e-02 -2.613483147219037434e-02 -8.747168084569803548e-02
-1.649214659685863948e-01 -5.673647469458987791e-01 -5.218150087260035874e-02 -2.321495545822295503e-02 -8.325363336742037934e-02
-1.340314136125654587e-01 -4.668411867364747336e-01 -4.938917975567190533e-02 -2.080305684566381014e-02 -8.107858052668975857e-02
-1.190226876090750563e-01 -4.083769633507853269e-01 -4.048865619546247741e-02 -2.319812680683448064e-02 -8.932612046309834630e-02
-1.054101221640488667e-01 -3.509598603839441666e-01 -2.966841186736474817e-02 -2.080442128871917359e-02 -8.775198210241794139e-02
-9.022687609075044635e-02 -2.926701570680628195e-01 -1.815008726003490558e-02 -2.321652117134821031e-02 -8.913009277276218167e-02
-7.102966841186737768e-02 -2.359511343804537586e-01 -1.326352530541012251e-02 -2.935078740274869175e-02 -8.671823550812111925e-02
-5.183246073298430207e-02 -1.780104712041884751e-01 -9.947643979057591013e-03 -2.935573115463042601e-02 -8.860093403033909853e-02
-3.211169284467713797e-02 -1.193717277486911060e-01 -5.759162303664922163e-03 -3.014990063150235419e-02 -8.964926205473260079e-02
-8.900523560209424451e-03 -5.497382198952879828e-02 -5.410122164048865485e-03 -3.548153615954151296e-02 -9.817447599031034478e-02
-1.776614310645724393e-01 -7.331588132635252775e-01 -4.275741710296684928e-02 -2.721813923102596108e-02 -1.310206506120957792e-01
-1.600349040139616152e-01 -6.532286212914485413e-01 -4.729493891797557220e-02 -2.719605033557001561e-02 -1.221155985655987541e-01
-1.446771378708551492e-01 -5.797556719022687322e-01 -4.363001745200698056e-02 -2.374540386532141001e-02 -1.125905666423104579e-01
-1.287958115183246155e-01 -5.129144851657940762e-01 -4.642233856893543398e-02 -2.427187790210963425e-02 -1.021552663352526258e-01
-1.123909249563700002e-01 -4.415357766143107043e-01 -3.856893542757416915e-02 -2.508739809798482545e-02 -1.088899832338064977e-01
-9.790575916230367937e-02 -3.647469458987783741e-01 -2.582897033158813513e-02 -2.213924003872689422e-02 -1.173646459884317705e-01
-8.080279232111693688e-02 -2.860383944153577773e-01 -1.431064572425828907e-02 -2.615284915276518476e-02 -1.203564792642560777e-01
-6.160558464223385433e-02 -2.108202443280977334e-01 -6.631762652705061253e-03 -2.931462672915465667e-02 -1.148600374569604538e-01
-4.013961605584642073e-02 -1.328097731239092638e-01 -3.141361256544502722e-03 -3.278730715068216978e-02 -1.191538723280888556e-01
-1.413612565445026420e-02 -5.061082024432810023e-02 -4.886561954624782204e-03 -3.975962791819380449e-02 -1.256831191239549672e-01
-4.184991273996510053e-01 -5.397905759162303641e-01 6.980802792321117931e-03 -8.164423870450611409e-02 -9.578523429711685577e-02
-3.153577661431064549e-01 -4.284467713787085685e-01 9.947643979057591013e-03 -7.444386282241807762e-02 -9.365518226046144756e-02
-2.649214659685864004e-01 -3.687609075043630225e-01 1.762652705061082056e-02 -7.710886925937353309e-02 -9.124994216853202222e-02
-2.094240837696335067e-01 -3.085514834205933532e-01 1.727748691099476389e-02 -8.483626376165702421e-02 -9.230612346394136136e-02
-1.549738219895288038e-01 -2.514834205933682565e-01 1.465968586387434575e-02 -8.323200004713725286e-02 -8.723353851094188538e-02
-9.965095986038394194e-02 -1.886561954624781934e-01 1.239092495636998255e-02 -8.457521636494216843e-02 -9.631436311591203003e-02
-4.450261780104711878e-02 -1.251308900523560308e-01 9.773123909249564409e-03 -8.428869412321077226e-02 -9.709204006597696446e-02
1.605584642233856899e-02 -5.549738219895288677e-02 4.886561954624782204e-03 -9.257222939124920558e-02 -1.064447248619839470e-01
-3.474694589877836415e-01 -6.422338568935427316e-01 -2.216404886561954696e-02 -5.917467744392016643e-02 -1.199486704944328908e-01
-3.106457242582897349e-01 -5.666666666666666519e-01 -1.937172774869110048e-02 -5.633770753070951876e-02 -1.156124519469061973e-01
-2.307155322862129432e-01 -4.322862129144851573e-01 -1.047120418848167603e-02 -5.413700860064273035e-02 -1.077406476584219785e-01
-1.914485165794066468e-01 -3.567190226876091330e-01 3.490401396160558640e-04 -6.001804612126666882e-02 -1.155013954244819424e-01
-1.490401396160558334e-01 -2.844677137870855188e-01 2.617801047120419007e-03 -6.483130250087298929e-02 -1.104533301866725131e-01
-1.055846422338568985e-01 -2.134380453752181550e-01 3.315881326352530627e-03 -6.641464651920285511e-02 -1.085572736277733985e-01
-6.230366492146596769e-02 -1.387434554973822065e-01 2.268760907504363197e-03 -6.617034464373423852e-02 -1.141972076916058371e-01
-1.064572425828970437e-02 -5.706806282722513141e-02 -2.792321116928446912e-03 -7.895436943936330609e-02 -1.248332597892636425e-01
-2.120418848167539561e-01 -6.474694589877836304e-01 -4.781849912739965375e-02 -4.562044805227454675e-02 -1.376617028945829879e-01
-1.855148342059337041e-01 -5.675392670157068942e-01 -4.712041884816754733e-02 -4.055876750398464126e-02 -1.222099705054272845e-01
-1.596858638743455516e-01 -4.893542757417103095e-01 -4.345549738219895569e-02 -3.896297611954944312e-02 -1.195576253531382138e-01
-1.338568935427574269e-01 -4.047120418848167978e-01 -2.774869109947644338e-02 -3.946516209349327370e-02 -1.293284028063799718e-01
-1.090750436300174514e-01 -3.209424083769633618e-01 -1.308900523560209417e-02 -3.788555242898639791e-02 -1.280638391965737144e-01
-7.766143106457243372e-02 -2.373472949389179854e-01 -5.235602094240838231e-04 -4.828660342097448183e-02 -1.277860941361700642e-01
-4.450261780104711878e-02 -1.513089005235602191e-01 3.839441535776614341e-03 -5.066180068404444597e-02 -1.314540407222836993e-01
-5.235602094240838014e-03 -5.636998254799302499e-02 8.726003490401397413e-04 -6.002305508204551499e-02 -1.451224087317011524e-01
-1.301919720767888422e-01 -7.197207678883071891e-01 -5.427574171029668493e-02 -2.454798497174062039e-02 -1.638311170940080774e-01
-1.090750436300174514e-01 -6.183246073298429568e-01 -6.003490401396160969e-02 -3.224542024310974447e-02 -1.550978064585938621e-01
-9.633507853403140697e-02 -5.312390924956370553e-01 -5.479930191972077341e-02 -1.973048945104474705e-02 -1.333141179124643361e-01
-8.359511343804537642e-02 -4.441535776614310982e-01 -3.891797556719022583e-02 -1.948754133789344298e-02 -1.332093579124498106e-01
-6.998254799301920070e-02 -3.513089005235602302e-01 -2.024432809773123870e-02 -2.081501697106218768e-02 -1.419690901103216329e-01
-5.165794066317627026e-02 -2.567190226876090997e-01 -5.235602094240838231e-04 -2.801030987848170811e-02 -1.445865519441627278e-01
-3.019197207678883318e-02 -1.614310645724258420e-01 1.500872600349040242e-02 -3.279291986969457701e-02 -1.455685711288881301e-01
-1.047120418848167646e-03 -5.689354275741709960e-02 1.535776614310645737e-02 -4.455328683039506271e-02 -1.598049030623152345e-01
-2.563699825479930361e-01 -6.300174520069808937e-01 -4.677137870855149065e-02 -6.106992267776864547e-02 -1.858765768838632482e-01
-2.164048865619546402e-01 -5.223385689354276273e-01 -4.694589877835951552e-02 -6.082675417484228325e-02 -1.646057338854286511e-01
-1.766143106457242484e-01 -4.181500872600349417e-01 -4.048865619546247741e-02 -6.078672087573615962e-02 -1.594318380863605222e-01
-1.371727748691099480e-01 -3.034904013961605695e-01 -2.303664921465968865e-02 -6.029232915505584878e-02 -1.752746028976624459e-01
-9.389179755671903105e-02 -1.914485165794066468e-01 -9.249563699825481128e-03 -6.614980113737317646e-02 -1.712426303636838121e-01
-4.171029668411867924e-02 -6.701570680628272936e-02 -1.954624781849912882e-02 -7.974496407477298099e-02 -1.904277737437722606e-01
-1.722513089005235642e-01 -6.719022687609075284e-01 -5.008726003490401868e-02 -4.423885545885649501e-02 -2.068033243136905841e-01
-1.443280977312390856e-01 -5.521815008726004281e-01 -4.502617801047120727e-02 -4.265320005250673729e-02 -1.828755952251224781e-01
-1.197207678883071696e-01 -4.359511343804537975e-01 -2.897033158813263481e-02 -3.735729064260016885e-02 -1.777139683426551264e-01
-9.267015706806282227e-02 -3.122164048865619934e-01 -5.933682373472950501e-03 -4.136074707189784511e-02 -1.894589059422416011e-01
-5.881326352530541479e-02 -1.891797556719022888e-01 1.640488656195462566e-02 -5.170395587947436422e-02 -1.878932417269558730e-01
-1.343804537521815085e-02 -5.532286212914485496e-02 2.076788830715532372e-02 -6.938212518324919642e-02 -2.046772692905851343e-01
-2.776614310645724171e-01 -5.546247818499128179e-01 -3.525305410122164113e-02 -7.471136754514165479e-02 -1.512905192789117670e-01
-2.253054101221640682e-01 -4.607329842931937036e-01 -3.228621291448516978e-02 -8.001003711729282042e-02 -1.434846665636786700e-01
-1.746945898778359541e-01 -3.574171029668412047e-01 -1.623036649214659732e-02 -7.734221867214534363e-02 -1.578848050134828152e-01
-1.191972076788830742e-01 -2.582897033158813582e-01 -6.631762652705061253e-03 -8.509352343356410553e-02 -1.515144868660326105e-01
-6.265270506108203130e-02 -1.582897033158813527e-01 1.745200698080279483e-03 -8.641320143085823302e-02 -1.528233469749437634e-01
2.966841186736475251e-03 -4.659685863874345885e-02 2.966841186736475251e-03 -1.003230731369641332e-01 -1.707626776799389678e-01
-9.511343804537522595e-02 -7.268760907504363544e-01 -6.980802792321116890e-02 -4.030965467203556640e-02 -2.271756034827962789e-01
-7.609075043630018909e-02 -5.897033158813264064e-01 -7.085514834205933199e-02 -2.907744348084614905e-02 -2.096777117059181739e-01
-6.474694589877835749e-02 -4.649214659685864115e-01 -5.636998254799302499e-02 -1.708095606213579781e-02 -1.908263060066734407e-01
-5.095986038394415690e-02 -3.331588132635253108e-01 -3.455497382198952777e-02 -2.106641609795101636e-02 -2.013309386576332405e-01
-3.193717277486911310e-02 -2.006980802792321106e-01 -1.082024432809773097e-02 -2.906347282666478168e-02 -2.021111229597422065e-01
-3.490401396160558640e-04 -5.567190226876091164e-02 -1.745200698080279483e-03 -4.801128762690633212e-02 -2.216521112108842118e-01
5.968586387434555302e-02 -6.401396160558464610e-01 -5.811518324607330144e-02 4.535809225520849412e-03 -5.949914454653797147e-02
5.497382198952879828e-02 -6.006980802792322160e-01 -5.968586387434555302e-02 7.198123351511394492e-03 -6.025095842376192862e-02
4.834205933682373529e-02 -5.617801047120418723e-01 -5.794066317626526963e-02 1.014193969056441900e-02 -5.951717239462820525e-02
3.089005235602094307e-02 -5.001745200698080041e-01 -4.467713787085515059e-02 6.937706676311617034e-03 -5.363380930533228480e-02
2.547993019197207845e-02 -4.619546247818498985e-01 -4.467713787085515059e-02 8.268779377901529920e-03 -5.841492528259467631e-02
2.024432809773123870e-02 -4.232111692844677253e-01 -4.572425828970332062e-02 7.730867170073204425e-03 -5.918112109504309465e-02
1.361256544502617918e-02 -3.823734729493892259e-01 -4.188481675392670411e-02 9.862729968443995771e-03 -6.237510304367280267e-02
8.900523560209424451e-03 -3.434554973821989377e-01 -3.699825479930192451e-02 7.201121109599019528e-03 -5.947592620150309040e-02
2.966841186736475251e-03 -3.038394415357766332e-01 -3.333333333333333287e-02 9.068699637869208352e-03 -6.054690640577378019e-02
-3.141361256544502722e-03 -2.638743455497382095e-01 -2.966841186736474817e-02 9.330873453770651207e-03 -6.105057202609944639e-02
-9.075043630017452789e-03 -2.239092495636998414e-01 -2.356020942408377367e-02 9.066955197169958985e-03 -6.106861000446820592e-02
-1.570680628272251578e-02 -1.839441535776614178e-01 -1.570680628272251578e-02 1.012437563379796346e-02 -6.101268474051933788e-02
-1.989528795811518203e-02 -1.422338568935427594e-01 -1.047120418848167603e-02 6.401159804867745384e-03 -6.374488305680800493e-02
-2.478184991273996510e-02 -9.860383944153579272e-02 -6.631762652705061253e-03 7.468917849745983911e-03 -6.668676651558910762e-02
-2.705061082024433003e-02 -5.445026178010471674e-02 -6.108202443280977105e-03 3.468711718500293740e-03 -6.750646652158259764e-02
1.954624781849912882e-02 -5.239092495636998859e-01 -5.741710296684118808e-02 1.467844353853105938e-02 -9.954653527040152605e-02
1.291448516579406756e-02 -4.509598603839441999e-01 -5.270506108202443335e-02 1.012204351171894397e-02 -1.113424786289083923e-01
6.806282722513089592e-03 -3.729493891797557303e-01 -4.328097731239092388e-02 9.334653977633396160e-03 -1.192168665143464867e-01
3.315881326352530627e-03 -2.942408376963350780e-01 -3.315881326352530800e-02 5.334818844231711300e-03 -1.203001649374251525e-01
-6.980802792321117280e-04 -2.171029668411867397e-01 -2.600349040139616000e-02 6.138793132069711098e-03 -1.182384938046470851e-01
-1.396160558464223456e-03 -1.371727748691099480e-01 -1.169284467713787266e-02 1.067457393190625846e-03 -1.222238715203266546e-01
-4.799301919720767862e-02 -7.157068062827225408e-01 -6.125654450261779765e-02 -2.001313338975489048e-02 -1.080709203046765626e-01
-4.048865619546247741e-02 -6.436300174520070971e-01 -6.701570680628272936e-02 -1.173853492415590123e-02 -1.101821573562814377e-01
-3.577661431064572267e-02 -5.787085514834205968e-01 -6.684118673647469755e-02 -7.204990673070624935e-03 -9.953561189093874939e-02
-2.949389179755671983e-02 -5.212914485165794920e-01 -6.771378708551482883e-02 -9.604780938140424981e-03 -8.777702579578323949e-02
-2.635253054101221667e-02 -4.595113438045375087e-01 -6.247818499127399949e-02 -4.800353868249234053e-03 -9.440695940890173055e-02
-2.390924956369982687e-02 -3.924956369982547932e-01 -5.689354275741709960e-02 -3.733680659751516511e-03 -1.024095266674702048e-01
-1.919720767888307561e-02 -3.242582897033158829e-01 -4.432809773123909391e-02 -7.207365923354686413e-03 -1.043733361493216077e-01
-1.431064572425828907e-02 -2.565445026178010401e-01 -3.385689354275741442e-02 -7.469835200220774178e-03 -1.035105734887735024e-01
-7.853403141361257889e-03 -1.886561954624781934e-01 -2.827225130890052840e-02 -9.875071744869189788e-03 -1.040885940675401605e-01
1.396160558464223456e-03 -1.190226876090750563e-01 -2.181500872600349028e-02 -1.413353079753829934e-02 -1.066681569625531900e-01
9.249563699825481128e-03 -4.363001745200698056e-02 -2.216404886561954696e-02 -1.200852792199532705e-02 -1.152818680511551314e-01
-7.120418848167539561e-02 -6.933682373472949134e-01 -5.689354275741709960e-02 -1.626698282983468982e-02 -1.776034518798346173e-01
-6.282722513089006311e-02 -5.884816753926701560e-01 -5.881326352530541479e-02 -1.307368869236524324e-02 -1.603527939614594611e-01
-6.614310645724258420e-02 -4.924956369982548265e-01 -3.699825479930192451e-02 4.802234688579391265e-03 -1.470017396337356952e-01
-6.300174520069808104e-02 -3.877835951134380177e-01 -2.006980802792321036e-02 -4.803595045905509342e-03 -1.603867012549562987e-01
-5.270506108202443335e-02 -2.821989528795811886e-01 -5.061082024432809676e-03 -1.574169662008611387e-02 -1.614190924602049715e-01
-2.251308900523560363e-02 -5.759162303664921295e-02 1.326352530541012251e-02 -2.932508962313187459e-02 -1.812823722157242967e-01
-7.364746945898778541e-02 -6.188481675392670800e-01 -6.858638743455497400e-02 -1.387592423461822197e-02 -2.358907119885093884e-01
-7.713787085514833830e-02 -4.849912739965095976e-01 -4.013961605584642073e-02 5.069574278618775923e-03 -2.049175287357490605e-01
-7.452006980802791669e-02 -3.452006980802792557e-01 -1.692844677137870721e-02 -4.001955591237194368e-03 -2.137044285720658965e-01
-5.986038394415358482e-02 -2.020942408376963373e-01 2.443280977312391102e-03 -2.240672088799826669e-02 -2.187322753352214100e-01
-3.821989528795811941e-02 -4.258289703315881747e-02 1.378708551483420752e-02 -3.308191649833008841e-02 -2.438457393505943094e-01