-1.621846581597323200e-01 -2.902599820754759863e-01 -9.231887731739954472e-02
-1.611243728006448162e-01 -3.554333496408401127e-01 -8.597533577431427931e-02
-1.566754494373793494e-01 -3.778711097456501355e-01 -8.041382425060741856e-02
-1.533524260023996499e-01 -3.972700560213734966e-01 -7.604245492864389333e-02
-1.481570085772591916e-01 -4.177076450567006050e-01 -6.974619633691721277e-02
-1.434720604940251387e-01 -4.396682687396066269e-01 -5.934031689601251131e-02
-1.377025126359648910e-01 -4.612094140164333944e-01 -4.998676342593036392e-02
-1.311711001146629030e-01 -4.825736868129818502e-01 -4.059642529487916818e-02
-1.251303818412446978e-01 -5.060324750011102601e-01 -3.104600810481878206e-02
-1.189854241548617131e-01 -5.272339666966124883e-01 -2.347935052704330783e-02
-1.124699398573370535e-01 -5.476869648802412671e-01 -1.717755365449116084e-02
-1.037168262060694374e-01 -5.716040319657282875e-01 -1.383939144518490059e-02
-9.576466394484524358e-02 -5.944569838207547363e-01 -6.849479429526052210e-03
-6.289799809675793163e-02 -6.616427602383673223e-01 -3.427099188930257147e-03
-5.438804349932431503e-02 -6.867071727514195700e-01 1.046784895714176480e-03
-4.488953107036942197e-02 -7.126453352924049245e-01 5.671805361720199182e-03
-3.873463131484828487e-02 -7.374098588727576731e-01 1.682270710755015553e-02
-2.924504484017652339e-02 -7.635317870624420689e-01 2.508718579099386559e-02
-1.948279562006922233e-02 -7.909198360199007904e-01 3.315832312660847020e-02
-1.750339625194697046e-01 -4.552643881686636584e-01 -6.606366147963545210e-02
-1.563123495355753512e-01 -5.002626052954759484e-01 -4.184554083705630673e-02
-1.381300014319486735e-01 -5.455738759245860603e-01 -2.064000791266593082e-02
-1.160407509795230441e-01 -5.944414961682182863e-01 -1.020132755262126781e-02
-6.298559138335871332e-02 -6.994458375150546248e-01 3.812669064877662571e-04
-3.760716858736887214e-02 -7.549285010535378149e-01 1.602498530787086276e-02
-1.253230378696786572e-02 -8.142221592430609611e-01 3.465923677632807426e-02
-2.219875807711514937e-01 -2.904994303233099928e-01 -1.141247125073412971e-01
-1.807343992450186898e-01 -5.439657988138612010e-01 -2.914609262543654822e-02
-1.512977344118824619e-01 -5.965205461192825132e-01 -9.897194012778607816e-03
-1.102027043888187535e-01 -6.581289793833453583e-01 -5.227260323099617439e-03
-7.354555402087201155e-02 -7.227820891199596698e-01 8.171661235128883580e-03
-3.222912968676213546e-02 -7.928634250224695368e-01 2.259868384904840585e-02
-1.397295141551779807e-01 -3.645962706639849782e-01 -9.162906028857006890e-02
-1.233964393977258073e-01 -4.267973164947295173e-01 -6.407314885520322412e-02
-1.046308387894857306e-01 -4.939136438263391216e-01 -3.632189246986782666e-02
-8.122415803076603324e-02 -5.607592134739134426e-01 -2.312239543410746570e-02
-2.439600974546343379e-02 -6.985493538461009511e-01 -4.718762515995367571e-03
2.816233289823069641e-03 -7.782145634061812256e-01 1.576296882837356986e-02
-8.938257192276466423e-02 -3.763075212050702723e-01 -6.650148128441302209e-02
-8.067388425480444269e-02 -4.330554918186278468e-01 -4.763475949574228624e-02
-7.114783067073521261e-02 -4.927672956337413868e-01 -3.188823063882349068e-02
-6.260156568631955465e-02 -5.523685355033450817e-01 -2.005706556430110823e-02
-2.927669914713994931e-02 -6.651956474833872202e-01 -9.032308829290128932e-03
-1.443208667583468705e-02 -7.318335963927794507e-01 2.201902468704957597e-03
-1.522093224355775681e-03 -7.998762355726892759e-01 2.474786438333055616e-02
-1.776770343277408459e-01 -4.432101438051406772e-01 -7.371862344705112924e-02
-1.469631544237294807e-01 -5.155207221900133252e-01 -3.984650524800015248e-02
-1.114927320940403699e-01 -5.851953430608355378e-01 -2.318337088366891410e-02
-7.139448699567432777e-02 -6.685044970910036799e-01 -1.220416775928169321e-02
-3.301885022581564633e-02 -7.545009467392371771e-01 9.758342316736086722e-03
-7.794509499080951032e-02 -3.595430532487890463e-01 -6.032576866883937461e-02
-6.714626734831408150e-02 -4.368868228233746542e-01 -4.030003314057400282e-02
-5.718012343252285024e-02 -5.143176486813377801e-01 -2.431784647404429400e-02
-3.897865540308729365e-02 -5.877568054385005070e-01 -1.716875793062533004e-02
-2.431520234425670057e-02 -6.636865117161828698e-01 -4.509375948873965007e-03
-5.959467483452464236e-03 -7.515417422957051397e-01 1.291179978970635397e-02
-1.615222899095374587e-01 -4.238497986418088836e-01 -7.324161954029412280e-02
-1.327262604425356318e-01 -5.157600438742209192e-01 -3.170490477182383304e-02
-9.514476902987610563e-02 -6.009243596771773888e-01 -1.524640484259098296e-02
-4.988128992860810934e-02 -7.078755773560706510e-01 -2.934237305006018402e-03
-6.689997699733080984e-03 -8.187363001250912431e-01 2.661014059953588362e-02
-1.262702260537276466e-01 -3.768813340440703707e-01 -7.400917991119927708e-02
-1.072414499164151547e-01 -4.799898077463686796e-01 -4.110164275548271184e-02
-8.336046836874114185e-02 -5.758171062023762499e-01 -1.729569080462585104e-02
-5.165120683791756678e-02 -6.865189986534012689e-01 -2.339795525694691319e-03
-1.944295420667699337e-02 -8.069547289813860935e-01 2.976086301860272551e-02
-4.015218658537931390e-02 -4.303775328993431071e-01 -2.964831846377883814e-02
-3.105109090391455426e-02 -5.254430675115225879e-01 -1.262095086713874159e-02
-1.316428886592256077e-02 -6.157650771777106735e-01 -3.689649954044006263e-03
8.623805499957283918e-03 -7.210174527245842846e-01 8.210399053247479512e-03
-1.189082626932931042e-01 -4.466210557004769988e-01 -4.809184918720434132e-02
-8.631758338991454838e-02 -5.592123954222959492e-01 -1.470027452480827772e-02
-3.730173301547515252e-02 -6.739034419734882819e-01 -8.142059439955018699e-03
1.167940693474646581e-02 -8.079808741020765295e-01 2.131122420025139547e-02
-8.730780696106615890e-02 -4.070836885032796948e-01 -4.599610603554363936e-02
-6.642977444167094681e-02 -5.314416969011181990e-01 -1.287131177358065252e-02
-3.015350151244799298e-02 -6.500936391175989870e-01 -4.036180632313114518e-03
1.041630979511093402e-02 -7.936269979194549018e-01 1.851042903477275250e-02
-6.112173436530819737e-02 -4.604222017630930086e-01 -3.158689293103682239e-02
-5.068158789259020330e-02 -5.686561648186867490e-01 -1.073139206877268825e-02
-2.687768927260304058e-02 -6.878152725553894342e-01 5.266198248185191295e-04
-8.730780696106615890e-02 -4.070836885032796948e-01 -4.599610603554363936e-02
-6.642977444167094681e-02 -5.314416969011181990e-01 -1.287131177358065252e-02
-3.015350151244799298e-02 -6.500936391175989870e-01 -4.036180632313114518e-03
1.041630979511093402e-02 -7.936269979194549018e-01 1.851042903477275250e-02
-2.258854389149127923e-02 -4.996787914430729227e-01 -1.496548021898287673e-02
-2.967610689316800554e-03 -6.267304230257091380e-01 -4.318629139335381818e-03
3.075247638972239406e-02 -7.773358927545341857e-01 1.222880921565522826e-02
1.591358943297822015e-01 -3.916526450297972417e-01 7.107256772870058914e-02
1.559050740053725403e-01 -4.153705954837921266e-01 6.390100444503772625e-02
1.500596761739550200e-01 -4.376984329940229457e-01 5.661568385904790918e-02
1.450872258266696913e-01 -4.619322589513022437e-01 4.786831446394210210e-02
1.381083333033366889e-01 -4.862675322355116680e-01 3.814755520974817682e-02
1.317107673047041294e-01 -5.100785951319871669e-01 3.018540894685400183e-02
1.263605703833599325e-01 -5.350819795750980656e-01 2.263643572465733750e-02
1.220373407989467363e-01 -5.556243611413268502e-01 1.930575712876561600e-02
1.165256368859488301e-01 -5.778796130727977820e-01 1.470591678690445075e-02
1.098288648171693443e-01 -6.011157877595949550e-01 1.438727739076405172e-02
1.051916152502763713e-01 -6.266166158615784632e-01 1.258504245714833075e-02
9.782296216887911844e-02 -6.546205104168608679e-01 1.220322744899944578e-02
9.263064034221607512e-02 -6.812467119866872922e-01 1.336856854201646724e-02
9.256452769200843034e-02 -7.100814254754813648e-01 1.016734170883042479e-02
8.509550273323945868e-02 -7.370142734781526261e-01 1.374801005142316755e-02
7.892051933661817231e-02 -7.651450602564194847e-01 1.780244279640172400e-02
7.385828875004464555e-02 -7.951266228247338974e-01 2.288493025054621696e-02
6.858505165233791390e-02 -8.245366232427662201e-01 2.857587119516649329e-02
1.815811101704430941e-01 -5.143729084349574210e-01 4.339578960992213769e-02
1.607041067423135017e-01 -5.584767229887630524e-01 3.464513396800920214e-02
1.417436786207987576e-01 -6.040532148565299631e-01 2.889936937208554754e-02
1.282033197494587551e-01 -6.560013166597186141e-01 1.947264511485131272e-02
1.095514203774815842e-01 -7.097630533576573253e-01 2.034654923696061282e-02
9.362005718675840693e-02 -7.636188752600511220e-01 2.422100058195243016e-02
1.008973226828320663e-01 -3.143781758321932407e-01 7.329548795857772359e-02
9.085889967927389399e-02 -3.698970588309090091e-01 5.697350995366744220e-02
8.287723253527272405e-02 -4.275563139737720286e-01 3.871812862549055267e-02
7.411314928081015607e-02 -4.876250718124490180e-01 2.638201455152437008e-02
6.415570851230305294e-02 -5.465054789546058833e-01 2.261556696808649652e-02
5.859235208521276078e-02 -5.954141920707621827e-01 1.689311821997380170e-02
5.328234203884272407e-02 -6.593277857199916214e-01 1.612970600457684991e-02
5.135042448194616915e-02 -7.243488363557810672e-01 1.886862240147811620e-02
4.618656401434111103e-02 -7.916672876957281391e-01 2.748074217165001262e-02
1.994065491541407442e-01 -5.550558741398334828e-01 4.944702519248869721e-02
1.708555335636856021e-01 -6.071999466752477925e-01 4.132267587656870272e-02
1.445871715790695566e-01 -6.673687598909093799e-01 3.240295771684330306e-02
1.187434725959813642e-01 -7.311392165315909741e-01 3.014823720364277065e-02
1.375281158652466307e-01 -4.317298388314476099e-01 6.184692630399046126e-02
1.186568679718249253e-01 -4.963761464164906934e-01 4.068268297959903856e-02
1.024456975748918169e-01 -5.568506215867442544e-01 2.809161495686484517e-02
8.581377865099605595e-02 -6.237349364810362840e-01 2.376613996071196000e-02
7.320017012876892104e-02 -6.980288321360792470e-01 2.325473790614796324e-02
6.100923950723448341e-02 -7.739877454792465361e-01 2.800536913722617358e-02
7.744721963863296366e-02 -3.701947527214988765e-01 4.701541219175979502e-02
6.998365890138900924e-02 -4.485151325978289361e-01 2.759524625018073413e-02
6.435502444309854075e-02 -5.242837078290717434e-01 1.819170404522362644e-02
5.796112373061182432e-02 -5.943591813622123299e-01 1.339427194761088832e-02
5.740001988690551782e-02 -6.780441109554755652e-01 1.371862416997855945e-02
5.606502804066151868e-02 -7.647430775773709222e-01 2.355480383692900442e-02
2.199536173660237015e-01 -3.140504028233871980e-01 6.082014013185122608e-02
2.274204944660163652e-01 -5.658384720067726192e-01 4.358351087682731106e-02
1.878714760979051379e-01 -6.267266698696947191e-01 3.249343481287882140e-02
1.510860592993051033e-01 -6.983215121445309759e-01 2.559644219503501641e-02
1.382836901934794971e-01 -5.304505994637099819e-01 2.851195151855406840e-02
1.113888932651622837e-01 -5.962611179864815147e-01 2.071288346901674696e-02
8.833129868489129899e-02 -6.800862795946405193e-01 1.441003692921788426e-02
6.401619589295087787e-02 -7.629113633540103301e-01 2.249525868683805233e-02
1.055132494204629734e-01 -3.857753729399968634e-01 5.093057675582746829e-02
8.900599917727464172e-02 -4.737688474333209276e-01 2.619249652091956704e-02
6.978617542661150197e-02 -5.521745881962879521e-01 2.040940329550103641e-02
5.834254719005398104e-02 -6.393818884534780977e-01 1.156188033030405501e-02
4.866534062663413485e-02 -7.342272800839501068e-01 1.694704695195515740e-02
4.468755721514135193e-02 -3.166068977280843133e-01 4.059481736579222122e-02
3.425629454310936961e-02 -4.154722838556449416e-01 1.918183088601514361e-02
2.828392924650608223e-02 -5.095848407625827026e-01 1.061254698208739626e-02
2.302752997910472582e-02 -6.007722338231608061e-01 9.054183781097206382e-03
2.497189025370755155e-02 -7.044541994573110255e-01 1.536622474563884184e-02
1.320472742118368181e-01 -4.301874461769455427e-01 5.622523229148503054e-02
1.032190301292035817e-01 -5.226647242753841294e-01 3.256011437019362686e-02
8.100021419577539683e-02 -6.106580332511666320e-01 2.091050824137108063e-02
6.179810710842971455e-02 -7.133438724785049478e-01 2.150309341734224153e-02
9.338792543344662245e-02 -3.757129306497855592e-01 4.625155014087249661e-02
7.825281493452988790e-02 -4.842463917864216483e-01 1.979947278140480743e-02
6.100863074579529477e-02 -5.773927623576246004e-01 1.780346667230519458e-02
5.130249254084873201e-02 -6.911789497486335865e-01 1.785710674564146977e-02
3.157946307874514441e-02 -3.258949915499118055e-01 3.198464477830318536e-02
2.377802846657528849e-02 -4.437523787893048466e-01 1.032190410863599757e-02
2.027126615882711771e-02 -5.561496890127938242e-01 8.823641367746267589e-03
2.019325169481251195e-02 -6.691464886464679740e-01 1.296105587083590596e-02
1.121896718449209157e-01 -4.442755096107006696e-01 4.707730829756805180e-02
8.585738867687968401e-02 -5.519107444601806245e-01 2.828386344845919623e-02
6.402002226023206788e-02 -6.666979321770780675e-01 2.507401891968186886e-02
6.823955996648996269e-02 -4.102623502493119023e-01 3.260111125182633268e-02
5.168401743423671479e-02 -5.303328114084221445e-01 2.093893432156807011e-02
4.063344134120201040e-02 -6.545988117903225323e-01 1.942467306381582062e-02
4.163856993529197782e-03 -3.581967252118949396e-01 1.791705344363848929e-02
-6.588355662677532589e-04 -4.937568136423393095e-01 3.797802921403799908e-03
-3.658586706596715730e-03 -6.216655652978985147e-01 7.601843542462093962e-03
2.960981066562032651e-02 -2.762732049995065831e-01 2.634627403025557521e-02
2.797838323355314807e-02 -3.077090692436895147e-01 2.259472017973774421e-02
2.631267834638942663e-02 -3.397144870012512863e-01 1.844871899119774478e-02
2.441566435125611112e-02 -3.715431823438862247e-01 1.260581927392423474e-02
2.211949573878926184e-02 -4.032463646906120913e-01 6.307595635015300801e-03
2.007330703349879952e-02 -4.336434195951781589e-01 8.244323840179428216e-04
1.959897694203384041e-02 -4.641717447571884758e-01 1.083021490512220669e-03
2.022712927575953668e-02 -4.958906718516634671e-01 1.787850758510902425e-03
2.103573216164335291e-02 -5.277420370835229635e-01 1.242935903619593781e-03
2.141228923229672801e-02 -5.580946288500746588e-01 1.701829898121915135e-03
2.014596541900881901e-02 -5.852169841539919259e-01 1.147603728673847251e-03
2.068774172126239264e-02 -6.131114908196071411e-01 1.728782920172522051e-03
2.328578380452847249e-02 -6.460719453451116978e-01 2.738084715517613912e-03
2.862222173564788960e-02 -6.809422483475132681e-01 2.378950317521409241e-03
3.117768039596884033e-02 -7.171096776677267082e-01 5.044537532085724418e-03
3.787221019956843460e-02 -7.895010003707146895e-01 1.395581221193648545e-02
1.077165174030542648e-02 -2.887245512162519012e-01 1.068262320373321826e-02
9.814299474692030761e-03 -3.609096787876663326e-01 3.128370627768459721e-03
1.018487078922213247e-02 -4.316671545857420078e-01 -2.228537592583249884e-03
1.139993256654583953e-02 -5.001923197582639480e-01 -8.192696948323600166e-04
1.537649785496020965e-02 -5.663280284269844866e-01 2.147228423967644407e-04
1.803084768306565527e-02 -6.324067231531836919e-01 3.958808522914220029e-03
2.975684105954408756e-02 -7.075234880152663219e-01 5.837299525383698139e-03
-1.764726741648226004e-04 -3.691725770579875054e-01 -4.001611362920759821e-03
-4.789083829331229852e-04 -4.578940308979493889e-01 -1.108895771479877744e-03
3.007618589702602818e-03 -5.421470778263173251e-01 3.020109806007112603e-03
7.138165030101153476e-03 -6.255467000828334179e-01 5.725984861663619731e-03
2.154232963193904171e-02 -7.222258270989788675e-01 1.195765322132944300e-02
-7.647308286523228117e-03 -3.798664842671085617e-01 -1.611923242849142013e-02
-6.650656653670189607e-03 -4.854392205774948343e-01 -9.587876065682905680e-03
-1.660651432651299303e-03 -5.835907276618044204e-01 -3.667505745799043773e-03
6.452865452204132983e-03 -6.949907112776397833e-01 1.144836447224150018e-02
-9.505469415626372626e-03 -4.145970887202164445e-01 -3.585306391692943181e-03
-4.950942367890084558e-03 -5.381777382645904773e-01 2.302556233022036436e-03
6.297896281452833138e-03 -6.596446405325447904e-01 7.718817481883866356e-03
-2.282184402107349189e-03 -4.699677859642560351e-01 -5.925561292040461454e-03
3.587631624065244773e-03 -6.065781419344593584e-01 5.510581420305330977e-03
1.307630771867527575e-01 -7.547785878530735015e-01 5.779029216505633670e-02
1.248303508869215428e-01 -7.325766644237563519e-01 5.436624298683871703e-02
1.168919366405965082e-01 -6.644258734607653150e-01 3.192448506752935261e-02
1.116834813911735252e-01 -6.206551199842059718e-01 1.766430385357404056e-02
1.055678427959363119e-01 -5.980487091718579284e-01 1.516763254534653389e-02
1.022866015048779359e-01 -5.746239626501572495e-01 1.036910902928389784e-02
7.934398048373017542e-02 -5.241111956713523368e-01 1.641050954873574802e-02
7.475102751376078158e-02 -5.045028725174008910e-01 1.398871733212978842e-02
7.091701535488574570e-02 -4.847357734316327660e-01 1.142676279123594311e-02
6.749996641262753783e-02 -4.617919873013944243e-01 9.046736889324251060e-03
6.216886122927316877e-02 -4.408059762424235140e-01 4.688048095020921902e-03
5.760588848399363082e-02 -4.195734478963671910e-01 2.811508671020859426e-03
5.268359268085170966e-02 -3.964815870663799258e-01 1.993913855202759239e-03
4.655124301162735789e-02 -3.716164061931145901e-01 3.131407106715795169e-03
4.237009260226116264e-02 -3.498895492180352229e-01 4.504352971707867477e-03
3.824518493202189867e-02 -3.280569357081482007e-01 5.201455539366166107e-03
3.400094244052143805e-02 -3.060315635014299041e-01 6.088588521802136902e-03
2.930385499579620315e-02 -2.843691112011589306e-01 6.873010642239646591e-03
2.497384724410107656e-02 -2.613687808590460238e-01 7.016484416436177991e-03
1.965374385476846911e-02 -2.381062441387128692e-01 8.039598346869245363e-03
1.352858905456730959e-02 -2.150501805227679475e-01 1.051545463047946424e-02
1.022967975077601621e-02 -1.908298999058641587e-01 1.236759424046262809e-02
7.524964551587623972e-03 -1.670770808104709015e-01 1.481738417695366121e-02
4.028594599887026263e-03 -1.448685642958570940e-01 1.762007980859283882e-02
-1.434493948637876649e-04 -1.204369271535196961e-01 1.986014032140390878e-02
-3.735408445937336494e-03 -9.546678791249167684e-02 2.048198224624597774e-02
-9.018366629801703727e-03 -6.938450469996068626e-02 2.170544475880356594e-02
-1.333714353630200203e-02 -4.755690028116587448e-02 2.073566808846417572e-02
2.792321355611633305e-01 -7.471630604811697607e-01 1.792098287752612318e-02
2.632656733703632179e-01 -6.937179006028267869e-01 -4.189378643387064332e-04
2.427335584567944238e-01 -6.427032547213442637e-01 -1.102330096442062125e-02
1.717643289448186339e-01 -5.173097748707540244e-01 -8.599271876951300117e-03
1.536153701304041885e-01 -4.698014109349955558e-01 -2.178363302185013645e-02
1.348457573394709896e-01 -4.218237025098355297e-01 -2.663424887481279785e-02
1.125860769078192575e-01 -3.727731488257388648e-01 -2.590757933555934422e-02
9.191732958142034837e-02 -3.243359563313557570e-01 -2.243961527809010259e-02
7.172692192483348661e-02 -2.758373994139162733e-01 -1.652595483128961595e-02
5.207127870992615121e-02 -2.235468684979137199e-01 -9.471964781803985517e-03
3.425573407402108389e-02 -1.697390971932675463e-01 -1.222478663989922222e-03
1.743842246075361091e-02 -1.166738320251262118e-01 4.919381022334175756e-03
1.225748045474626697e-03 -5.963066696490938734e-02 5.288574094812535306e-03
3.764505012602691325e-01 -6.738171877503945639e-01 -3.715455688379024068e-02
1.794152952367242537e-01 -4.245504391096793784e-01 -3.457712488620907909e-02
1.347478404911071626e-01 -3.566894237888917907e-01 -3.355660363118914691e-02
8.971000366475498367e-02 -2.885626332208198752e-01 -2.093881519868663263e-02
4.811634974753898480e-02 -2.176069705462020387e-01 -2.726482929615468929e-03
7.651342458630526998e-03 -1.419882815810704357e-01 1.136155541185618519e-02
2.538684001520043476e-01 -7.645275627940393282e-01 3.445784774671330208e-02
2.273305087370265376e-01 -6.813709429611188861e-01 8.626648021610321820e-03
1.210037510832824292e-01 -4.649201314150643305e-01 -4.626110572741331042e-03
9.019054564101082472e-02 -3.853985348301037783e-01 -8.268323582798924737e-03
5.874304442928603154e-02 -3.059142694221350101e-01 -4.985122061367881080e-03
2.861200704992193991e-02 -2.262324085369379900e-01 5.728655262022241609e-03
1.728211835558453703e-03 -1.427670160906967800e-01 1.933402705276783887e-02
-2.237808072138253862e-02 -5.238694244009672180e-02 1.280295536643011670e-02
5.383829040915042580e-02 -6.126081788872355105e-01 3.474865759732738424e-02
2.651238985655685401e-02 -5.339650474239465705e-01 3.900005136700872982e-02
5.491372727812477393e-03 -4.529696331664332387e-01 3.569566871613513021e-02
-1.265178637417655426e-02 -3.648557037072779341e-01 3.026341021637376366e-02
-4.135924412980377524e-02 -1.857191046928704237e-01 3.183015165496370924e-02
-5.233247605217786896e-02 -8.749508969553403126e-02 2.476130585301890979e-02
2.427618507050776850e-02 -5.382055327619956753e-01 1.602849392225331668e-02
1.215603459742911445e-02 -4.517840267386368236e-01 9.029733548896381329e-03
3.266939845693769742e-03 -3.541239906869455556e-01 4.284190470031313570e-03
-3.940682003627826377e-03 -2.571510619761420147e-01 5.335027975343601889e-03
-8.351326359459738946e-03 -1.569383334630012616e-01 1.096629738213086326e-02
1.774303469786617515e-01 -7.633890708732935515e-01 5.626948086147164074e-02
1.117188475479995169e-01 -5.359181353294515393e-01 1.431048782863609398e-02
8.120619862431455172e-02 -4.242413326460409695e-01 3.524472065363809970e-05
5.077955353753044188e-02 -3.076317971246087524e-01 -2.864002980343934978e-03
2.050133838323597510e-02 -1.898771330430936988e-01 6.128374408707329066e-03
-3.143193147874495923e-03 -5.864106432157777105e-02 4.662740910350567786e-03
8.198631030944272813e-02 -5.594389735713634071e-01 1.632011447337684135e-02
5.747404865410856573e-02 -4.444485025466134442e-01 5.135730437722513426e-03
3.574754372359806309e-02 -3.161488850083832292e-01 1.019296065426559053e-02
1.961683397805043597e-02 -1.888846838014355267e-01 1.427017705694565500e-02
9.014423115796839706e-03 -4.854874123881117165e-02 1.434615184124241223e-02
1.089250373216875400e-02 -4.785594652666513293e-01 1.696409245445900868e-02
4.250205793873003640e-04 -3.428910999220349254e-01 1.652620505357418196e-02
-5.450357610878970964e-03 -2.088309568212535217e-01 2.179077205024299718e-02
2.557188453206009626e-01 -7.097516184724966815e-01 1.169849641948152510e-02
1.094542905529023030e-01 -4.027499368208564690e-01 -9.742381388473895024e-03
6.594140962904740388e-02 -2.965591780129420152e-01 -6.189777802227545284e-03
2.515569988540307736e-02 -1.866637092834311229e-01 1.018003391510586414e-02
-9.218617659294483721e-03 -6.395378482247988938e-02 7.653358376576348092e-03
7.514418137353646998e-02 -6.939160445719723125e-01 4.140070068942033887e-02
6.092390961062681132e-02 -5.788853753000992031e-01 1.344209459465444713e-02
3.829042446668307759e-02 -4.789086847365972011e-01 1.173643879305395765e-02
2.905083969661081261e-02 -4.205953736553909028e-01 6.624409524586094555e-03
2.131475945848065184e-02 -3.599702607601661941e-01 8.991280536501699769e-03
1.431957328630457764e-02 -3.016214826717068531e-01 9.815102685937528160e-03
8.605359786107704897e-03 -2.430895153530494290e-01 5.586733582257816591e-03
2.728894616410726653e-03 -1.820805597359091699e-01 8.651568525547574315e-03
-1.538279348896492678e-03 -1.203172587879119959e-01 1.406021882119929713e-02
-2.459681796412679922e-01 -7.268625876111723949e-01 6.564118861557838303e-02
-2.342856862075255731e-01 -6.883696986611160806e-01 5.629114222045367155e-02
-2.225833591702936487e-01 -6.507034348630660325e-01 4.942185229237291283e-02
-2.117481278351505958e-01 -6.126037883184264343e-01 4.353718796505316041e-02
-1.985675873438315087e-01 -5.755648824968768729e-01 3.424727861756187569e-02
-1.575165543687785386e-01 -4.813673309582340298e-01 2.048507974558509345e-02
-1.459299934154660305e-01 -4.449097426402602862e-01 2.153111072201577963e-02
-1.329285436926850306e-01 -4.042627062425486195e-01 2.416412515763282157e-02
-1.204425401445146787e-01 -3.664883277636706849e-01 2.624020948595761835e-02
-1.078052077295940936e-01 -3.275277886695850404e-01 2.795729702119858356e-02
-9.394054465266420129e-02 -2.881105290461478119e-01 2.903759450681001053e-02
-7.808815055699641627e-02 -2.507197161081392567e-01 2.920717971144072903e-02
-6.117065257576530940e-02 -2.146105602650424382e-01 2.713300120636127563e-02
-4.343372484005302708e-02 -1.770408932551253978e-01 2.216160159481322944e-02
-2.593425215730774114e-02 -1.366028350435332661e-01 1.958017886736337226e-02
-7.911370185093993118e-03 -9.654402428424263549e-02 1.848651449472039215e-02
1.113884811801784530e-02 -5.453924482901940235e-02 1.582572276867698705e-02
-2.291131698438039765e-01 -7.026701066448121091e-01 4.536595865048240195e-02
-2.227510014662393845e-01 -6.775609396358791559e-01 3.953407699087296834e-02
-2.190717646820183051e-01 -6.515069306383380887e-01 3.618519351894119301e-02
-2.131735645049191996e-01 -6.267789115222548446e-01 3.197371007277443472e-02
-2.059370047825128114e-01 -6.037425074258571112e-01 2.674252380387196967e-02
-1.986694991639981756e-01 -5.794876790910800102e-01 2.144609101740132390e-02
-1.674629441898372317e-01 -5.028080481523651279e-01 4.623310764742953258e-03
-1.615685240164743686e-01 -4.791035700076187176e-01 2.795332841415071497e-03
-1.549544706341602351e-01 -4.538684769530844654e-01 2.257938613901972792e-03
-1.487524902623845180e-01 -4.284894429009510342e-01 4.942914585922276484e-03
-1.413489304331900231e-01 -4.044956389102634664e-01 6.104531136630481081e-03
-1.337165910920222467e-01 -3.798572181803008263e-01 6.721617560164721075e-03
-1.272697456891911383e-01 -3.539142234321567271e-01 8.123365454968592761e-03
-1.201270130151991661e-01 -3.303465336556037912e-01 8.618120766786467601e-03
-1.127792336122561134e-01 -3.054921318728334168e-01 9.715134476619233933e-03
-1.048465153595108806e-01 -2.801845916014998883e-01 1.010326420439053297e-02
-8.646931206191499353e-02 -2.303111027071392536e-01 8.791961808712609946e-03
-7.619550476522704563e-02 -2.063535697486488241e-01 6.269372331987209043e-03
-6.603213078149430815e-02 -1.824121961845747986e-01 3.598327795249312705e-03
-5.630715776642463560e-02 -1.598761500073282715e-01 9.185594065094780962e-04
-4.764408115756064294e-02 -1.322690718773536223e-01 -1.911512941383390271e-03
-3.607936855225272327e-02 -1.075262838977047164e-01 -5.307259306364680088e-03
-3.378617056821937581e-01 -5.986899839640664744e-01 4.902145085032993954e-02
-3.153876808179121305e-01 -5.532893690589039126e-01 4.604150152361174281e-02
-2.600675432395559428e-01 -4.820223167688933996e-01 2.970248614201234649e-02
-2.385011302022049806e-01 -4.363017163536820897e-01 3.206180738948038317e-02
-2.151293262644408122e-01 -3.885925635626802377e-01 3.161639910331089792e-02
-1.887840104637217575e-01 -3.416363682455099138e-01 3.077295539931261883e-02
-1.609950964545829866e-01 -2.979354588654699598e-01 2.730708989746805787e-02
-1.324437625036571919e-01 -2.542455005737148110e-01 2.379662242868952476e-02
-1.035536281173511791e-01 -2.077724648231552007e-01 2.010122320303371624e-02
-7.460677166530303717e-02 -1.607052455203916985e-01 1.363428309903925648e-02
-4.543071663505689889e-02 -1.129571833396753183e-01 6.997200536446581895e-03
-1.028086919339637161e-02 -6.218599174262482571e-02 -2.697952943699566397e-03
-1.796289887398983542e-01 -7.393971375485444142e-01 4.434833883446471364e-02
-1.684411205686575652e-01 -6.801634232952598058e-01 2.940283990378731241e-02
-1.569917310718004499e-01 -6.235647128854527876e-01 1.845900612537691721e-02
-1.462700169596241884e-01 -5.693895182033120728e-01 1.173771972183503855e-02
-1.220010575149730603e-01 -4.692534491427248766e-01 1.194872522444510865e-03
-1.100288208010875984e-01 -4.102570334542000041e-01 2.925225388511623961e-03
-9.889749012970454334e-02 -3.520925016984977063e-01 7.037792600068771762e-03
-8.577742185626681393e-02 -2.929766968264246318e-01 1.202508951617943175e-02
-6.817602932944442917e-02 -2.360740939285842777e-01 1.080656133595878955e-02
-5.022469307674824746e-02 -1.781047379947801879e-01 8.063955652730317100e-03
-3.139450274178808009e-02 -1.193474711547416606e-01 6.243881113965644818e-03
-8.748720107148283062e-03 -5.523901514420449799e-02 1.106936514823232806e-04
-1.430524281182828095e-01 -7.329267958028247154e-01 4.738919392836186267e-02
-1.340412280869343054e-01 -6.541254150662434430e-01 2.938694250050190998e-02
-1.250883350731093469e-01 -5.808390393242311989e-01 2.199195624834949028e-02
-1.139719888855969115e-01 -5.147346444520961573e-01 1.006198580502439335e-02
-1.017461935308730664e-01 -4.430244935045209997e-01 8.826665035878950016e-03
-9.084607587238620330e-02 -3.654177695424494776e-01 1.242603105701184027e-02
-7.656450423145735873e-02 -2.859977342186578175e-01 1.512308390844658429e-02
-5.934476309742482691e-02 -2.104132195728889154e-01 1.476502993942368537e-02
-3.925343048664407808e-02 -1.324559693838698871e-01 1.021139557143040111e-02
-1.400748806179291303e-02 -5.084560247992724047e-02 1.948417504868785481e-04
-4.021141833088159867e-01 -5.361044968544335099e-01 6.666326294937315045e-02
-3.055520468086841968e-01 -4.251743105354610086e-01 5.544181227949661339e-02
-2.578567818830273528e-01 -3.650733191886347817e-01 5.606691617049290588e-02
-2.045759483685075375e-01 -3.052361164244263292e-01 4.897844425795073314e-02
-1.517984866940577937e-01 -2.487373685901056730e-01 4.021801871226531044e-02
-9.788871563287782074e-02 -1.864658168189422816e-01 3.138167428841468626e-02
-4.373702048615825400e-02 -1.235269658098707840e-01 2.227937669620467728e-02
1.620511658788034021e-02 -5.473201741598533732e-02 1.040806703435839635e-02
-3.226445483340873999e-01 -6.407102628040961534e-01 5.259044742674043316e-02
-2.921555732121787208e-01 -5.654222552870173946e-01 4.422728267246979483e-02
-2.206155643958574442e-01 -4.310269021813416535e-01 3.563040837413700840e-02
-1.847810012314421158e-01 -3.548230895234046889e-01 3.753374741112773527e-02
-1.448908927446613537e-01 -2.827460319002834122e-01 3.178518364465349882e-02
-1.032866695701201154e-01 -2.120244324384380763e-01 2.493210722201719132e-02
-6.134339141899700781e-02 -1.378193955528392023e-01 1.619685030439765860e-02
-1.048254770573055564e-02 -5.706141690623941359e-02 2.925128210253980822e-03
-1.865967713072510248e-01 -6.484639525445364816e-01 2.795914063510285263e-02
-1.668587230038810487e-01 -5.690575980391170408e-01 1.679343175320862497e-02
-1.463407465429144572e-01 -4.910313942763583905e-01 9.951456899920026536e-03
-1.250476413489542138e-01 -4.053420088703016955e-01 1.516266660237097948e-02
-1.036961498985553010e-01 -3.205883185238719846e-01 2.016393663954423043e-02
-7.479581761085456193e-02 -2.361911979826024910e-01 2.362506007367190866e-02
-4.336133923378645422e-02 -1.501639602749645641e-01 1.904011862746660122e-02
-5.078103112193256032e-03 -5.600095793865506738e-02 6.501727986250026639e-03
-9.711533500468565172e-02 -7.207578934914513624e-01 3.357013481968307289e-02
-8.625696206481009431e-02 -6.207626633656957438e-01 1.134061180042621013e-02
-8.028391760833615554e-02 -5.337735802377190364e-01 4.168372918246387830e-03
-7.281233803219436251e-02 -4.456611115799282707e-01 8.799856965203679132e-03
-6.346806497096231514e-02 -3.514987936006593316e-01 1.645026835469401427e-02
-4.829201867031381046e-02 -2.554600354916753413e-01 2.568082479423909256e-02
-2.891960682810942526e-02 -1.591196190340334049e-01 3.118427093808529699e-02
-9.066015597934280182e-04 -5.507594003427582208e-02 2.096585396394983619e-02
-2.325429179755476583e-01 -6.310428095717024455e-01 2.629463213564397703e-02
-2.009613592563637141e-01 -5.241486028158756083e-01 1.078848363886191104e-02
-1.671508984652148866e-01 -4.199719154314070502e-01 4.089485186577094394e-03
-1.323702949206627955e-01 -3.042255905389210091e-01 8.346797523669872640e-03
-9.202961747929140623e-02 -1.914036147288105949e-01 1.014681005623166606e-02
-4.149273700057713732e-02 -6.863173809458189556e-02 -1.274866351857310495e-02
-1.443992263166579415e-01 -6.729275160615618701e-01 2.961531152688035712e-02
-1.268138465563611872e-01 -5.535977301593114630e-01 1.673774627524516473e-02
-1.093798157404705929e-01 -4.365157332795032707e-01 1.769077555724565473e-02
-8.760826145291134015e-02 -3.111964279821052282e-01 2.631392304975499127e-02
-5.705460190285202571e-02 -1.865861649051828441e-01 3.542718176019882953e-02
-1.331876953041701873e-02 -5.297316644401921237e-02 2.619102075908526575e-02
-2.599946967863844272e-01 -5.550486888554416742e-01 2.678603002416786449e-02
-2.136352131846469271e-01 -4.614760618220407062e-01 1.744150176714033204e-02
-1.679476354188841614e-01 -3.571716472200182069e-01 2.113453877155917204e-02
-1.157744328172037040e-01 -2.576319723007788332e-01 1.977436841406782220e-02
-6.139825650523501877e-02 -1.573180886081506913e-01 1.767058814154124843e-02
3.072960782268651780e-03 -4.606771685029701496e-02 7.607195129627028485e-03
-6.113782594206204624e-02 -7.293996071666007941e-01 1.942459288131411985e-02
-5.567958871976748381e-02 -5.934329293456939158e-01 -3.650195122180011510e-03
-5.282706378402355490e-02 -4.680426649271566819e-01 -5.992337813354656553e-03
-4.512011059609394303e-02 -3.348795318836716439e-01 1.727664477368424532e-04
-2.988641839087625290e-02 -2.007619444282957299e-01 9.544091996111862472e-03
-1.940871680137993660e-04 -5.556771651267476686e-02 3.827171397946114734e-03
8.447098415945789029e-02 -6.422190976963082498e-01 1.658619780097525184e-02
7.628499450976784779e-02 -6.032324332085980956e-01 9.065540285938469486e-03
6.657917543544045191e-02 -5.644189389003720914e-01 5.228134325019965535e-03
4.490147058478054232e-02 -5.019037565763155850e-01 1.013248227290203946e-02
3.723375904264230457e-02 -4.639270282346996122e-01 5.271676845069799174e-03
2.995778271400545423e-02 -4.255253238211346711e-01 -5.125804034035996975e-04
2.142561520647555742e-02 -3.845455430655180806e-01 -1.514959379798887619e-03
1.512578547483326916e-02 -3.453623102026389113e-01 -1.102395051119286042e-03
7.784309460839325574e-03 -3.056006585589776114e-01 -1.859115733226565995e-03
4.563915950184139364e-04 -2.654864152551177359e-01 -2.544547165658784735e-03
-6.505943852493339952e-03 -2.251236060904133751e-01 -7.056924010850623577e-04
-1.398540082069029029e-02 -1.845827299907439323e-01 2.946390730456451088e-03
-1.887246255435021461e-02 -1.425638139770942225e-01 3.877720411803368180e-03
-2.429263274809024403e-02 -9.877169629107093729e-02 3.277463333542696925e-03
-2.690170841305283139e-02 -5.478777015517589943e-02 -6.363265855148268280e-04
3.510159881281200989e-02 -5.267541730309780457e-01 5.822730834717410346e-04
2.406470784476795466e-02 -4.538019302681071676e-01 -4.079843401818270161e-03
1.421472151313709145e-02 -3.753153544132997732e-01 -3.994190864163188817e-03
7.822294347909524576e-03 -2.960371550781770167e-01 -2.735374218852952306e-03
1.713369465554141205e-03 -2.185969596722657227e-01 -3.850745035989442799e-03
-4.449233749151243456e-04 -1.376504773220031119e-01 2.146950784576533416e-03
-1.535435019301850321e-02 -7.174759127397987157e-01 2.593565079497082981e-02
-1.536284974946434088e-02 -6.465707834170805191e-01 8.282569068183209121e-03
-1.624112918434341898e-02 -5.821164684089988883e-01 -1.236920680655832555e-03
-1.411922542080133909e-02 -5.251817403004994667e-01 -1.001451347966548881e-02
-1.474226522724651593e-02 -4.632760725073734598e-01 -1.274820297987666259e-02
-1.566076352114444473e-02 -3.961070056144958551e-01 -1.527374260343732776e-02
-1.368536851841305885e-02 -3.270043265620988238e-01 -1.054595557532136095e-02
-1.091817527867806545e-02 -2.586139376513029720e-01 -7.496680258217038387e-03
-6.045058336095487234e-03 -1.905248311501727687e-01 -9.069772635261296942e-03
2.106275572650676779e-03 -1.206030901907625130e-01 -9.767444627893771825e-03
9.329413767183577025e-03 -4.562453040864604403e-02 -1.769551519930461642e-02
-4.107664988140453249e-02 -6.948944076001890569e-01 2.642085125889841526e-02
-4.251801081069214727e-02 -5.910179545982741089e-01 8.152921688525483629e-03
-5.261706483649229715e-02 -4.935079763697767796e-01 1.677530782503440510e-02
-5.497446479053699070e-02 -3.877464679357141009e-01 2.081157771924476221e-02
-4.860191244184965814e-02 -2.812558692219824796e-01 2.390533815100548756e-02
-2.236451165538873645e-02 -5.597955627692782765e-02 1.895220741087043706e-02
-5.077596205123154766e-02 -6.221359776038751788e-01 2.915115241349535216e-03
-6.405907624353046614e-02 -4.863653083235753294e-01 1.269054672948696783e-02
-6.824736344522550069e-02 -3.450941460341803713e-01 1.905736727413046352e-02
-5.780258659015865413e-02 -2.008268813269560860e-01 2.288214076523563401e-02
-3.814507435326259382e-02 -4.099371612632808637e-02 1.797131366640190159e-02
