-1.528394239141242783e-01 -2.919026135109055731e-01 -1.088129088565772395e-01
-1.539678466145976143e-01 -3.571195423562464333e-01 -1.032645629333355797e-01
-1.507910725792460382e-01 -3.795379580836592548e-01 -9.769816907638345649e-02
-1.485690730479841681e-01 -3.989278220865450364e-01 -9.341330679650483582e-02
-1.447848209013101184e-01 -4.193424706255873269e-01 -8.710531825838724318e-02
-1.420784661067027443e-01 -4.412928172490327983e-01 -7.687384607667827052e-02
-1.382256845247395172e-01 -4.628157982930846681e-01 -6.762731141522741740e-02
-1.336783101572419641e-01 -4.841581735762996441e-01 -5.832885611766079614e-02
-1.298081056404363776e-01 -5.076086206733105843e-01 -4.906344985163849787e-02
-1.255900235788234010e-01 -5.287996125572332895e-01 -4.175243556761692315e-02
-1.209026845805465655e-01 -5.492402359261880918e-01 -3.570332892319105778e-02
-1.139567567252025709e-01 -5.731341113825916267e-01 -3.260552820536147256e-02
-1.082449514834665366e-01 -5.959780372614971178e-01 -2.603570443801041245e-02
-8.082363478153944958e-02 -6.630671782581883944e-01 -2.341401644574209184e-02
-7.495444197418181520e-02 -6.881523556504780537e-01 -1.995270918306367436e-02
-6.837323344644741230e-02 -7.141161523529719890e-01 -1.650772435390991666e-02
-6.590963743555298959e-02 -7.389523642572189965e-01 -7.068841072370130041e-03
-6.016298632413219494e-02 -7.651302776528919880e-01 -5.135429004032715516e-04
-5.452029166972547497e-02 -7.925948113853216181e-01 5.455257207941890951e-03
-1.733496586303921727e-01 -4.572241600418419094e-01 -8.706629002793014882e-02
-1.593770809179343162e-01 -5.021306197364496793e-01 -6.264256011824705095e-02
-1.459417084253893104e-01 -5.473751583486753391e-01 -4.158834256746089808e-02
-1.280571065019588950e-01 -5.961618921999274345e-01 -3.136434676068039495e-02
-8.457362221056892448e-02 -7.010315453673895414e-01 -2.245089461968104161e-02
-6.655079911247988034e-02 -7.565526975788845476e-01 -9.421941489389948354e-03
-5.071629198004829614e-02 -8.159846156441250553e-01 4.836392501569627966e-03
-2.098930149604768536e-01 -2.927352664200336130e-01 -1.363409047221671166e-01
-1.873193422090122517e-01 -5.461815425986021877e-01 -5.416557748961183666e-02
-1.633076903678296055e-01 -5.985987669525364430e-01 -3.467445776869729213e-02
-1.274130390648310907e-01 -6.600098135927953136e-01 -2.965271797522958663e-02
-9.813676676741245331e-02 -7.245894882490255817e-01 -1.775308614189112510e-02
-6.629003624188437027e-02 -7.946665926594772555e-01 -6.452886259643020317e-03
-1.322943433281716374e-01 -3.660766015784322480e-01 -1.068788618949739477e-01
-1.211007179098916031e-01 -4.282006128507045428e-01 -7.924507010519903083e-02
-1.082571440499472543e-01 -4.952577985653954795e-01 -5.183131649865521662e-02
-8.992128927673558036e-02 -5.620293830962436177e-01 -3.905220507526999119e-02
-4.553588043782322292e-02 -6.997416199658685887e-01 -2.357956891369501762e-02
-2.891966584564534259e-02 -7.795700989072344989e-01 -8.077311368692538518e-03
-8.533035175895042901e-02 -3.773077728894809746e-01 -7.721881901092932099e-02
-8.062849558603216171e-02 -4.340509545847222594e-01 -5.888827159049659504e-02
-7.536968665019797009e-02 -4.937785094748738390e-01 -4.408021918597204714e-02
-7.123813811075671576e-02 -5.534341716143830192e-01 -3.379997558799787555e-02
-4.704702655278866774e-02 -6.662937301399473045e-01 -2.585399479448508009e-02
-3.956273117345149998e-02 -7.330908278224995689e-01 -1.857350217106412682e-02
-3.683953459604196595e-02 -8.014211286509804744e-01 -2.100321450605915907e-03
-1.746499860711285268e-01 -4.451737312539694735e-01 -9.457618284587308854e-02
-1.510419674915215449e-01 -5.173281702447667385e-01 -6.027721900062011501e-02
-1.215240987144703411e-01 -5.868332482132072592e-01 -4.327583497014761416e-02
-8.887765664231342400e-02 -6.700324752665378636e-01 -3.339882109046009295e-02
-6.125249509063944442e-02 -7.560706010864067794e-01 -1.510573374879120578e-02
-7.415008121123148332e-02 -3.604146697693514922e-01 -6.967764119744417062e-02
-6.811072711973135962e-02 -4.377575141492409672e-01 -5.037930096729692497e-02
-6.333743575132302905e-02 -5.152385251514639553e-01 -3.595424385898667030e-02
-5.019127932661621161e-02 -5.886840592595284916e-01 -3.025618083058734253e-02
-4.248164809840849349e-02 -6.647333295153917687e-01 -2.079071318933599366e-02
-3.435560989010425642e-02 -7.528287399883297759e-01 -9.016948358731374791e-03
-1.579112297830138067e-01 -4.256245950388346522e-01 -9.202929733094519782e-02
-1.377779185871993717e-01 -5.174317176768699067e-01 -5.082056285970745768e-02
-1.071478877404368896e-01 -6.024518424698541708e-01 -3.461821060113379200e-02
-7.194782922297275618e-02 -7.093656741270694122e-01 -2.510100544992110300e-02
-4.461827641157900537e-02 -8.204631765644968544e-01 -3.089463697984004553e-03
-1.212209349976676731e-01 -3.782465796058099294e-01 -8.832368449768543406e-02
-1.096974361214628213e-01 -4.813307505496456362e-01 -5.637062762093545537e-02
-9.358648663971393111e-02 -5.771530672580070798e-01 -3.420255158376077353e-02
-7.184503507003901779e-02 -6.879329627655652590e-01 -2.301043659895748994e-02
-5.611564669870190009e-02 -8.087308768720375962e-01 2.148660129011187303e-04
-4.215409924864441105e-02 -4.309762420196002197e-01 -3.698426856488795655e-02
-3.916897749655900984e-02 -5.261362054079901096e-01 -2.219965460849523953e-02
-2.784583655785990292e-02 -6.165314273312082483e-01 -1.586616511399355917e-02
-1.620966394403818012e-02 -7.219973418942189358e-01 -9.399212759865396838e-03
-1.191429681614663560e-01 -4.480177806374063265e-01 -6.348597783288595364e-02
-9.581081077913650157e-02 -5.605357739087587499e-01 -3.115838444804575752e-02
-5.585081576382510543e-02 -6.751168565841256797e-01 -2.638532061816646623e-02
-2.435254393514461879e-02 -8.094443721944857284e-01 -5.148175400659663059e-03
-8.648200891466797935e-02 -4.081105217368788951e-01 -5.732177736249492728e-02
-7.466232014614265777e-02 -5.325008346197022124e-01 -2.619781690762705562e-02
-4.725784522701775847e-02 -6.511476041717081387e-01 -1.999130220300655153e-02
-2.350172588806900137e-02 -7.950055390463408589e-01 -6.334818850184692485e-03
-6.399718266717266402e-02 -4.612755654260967675e-01 -4.178768152331387847e-02
-6.134251552505225885e-02 -5.696521562924814486e-01 -2.412381136854525876e-02
-4.762198340258715079e-02 -6.889905039949451027e-01 -1.781755912868132619e-02
-8.648200891466797935e-02 -4.081105217368788951e-01 -5.732177736249492728e-02
-7.466232014614265777e-02 -5.325008346197022124e-01 -2.619781690762705562e-02
-4.725784522701775847e-02 -6.511476041717081387e-01 -1.999130220300655153e-02
-2.350172588806900137e-02 -7.950055390463408589e-01 -6.334818850184692485e-03
-2.920191971536450354e-02 -5.002313723022069336e-01 -2.273608311410606903e-02
-1.841598399657820573e-02 -6.274307943835988333e-01 -1.611328966160188725e-02
-6.312704658806150837e-04 -7.784039015253543248e-01 -8.691026076723451510e-03
1.472612138834517304e-01 -3.902680111939105245e-01 8.379781281582709962e-02
1.439131162598773217e-01 -4.140475555841486854e-01 7.579832127609252568e-02
1.379602956905488786e-01 -4.364640052700181627e-01 6.739940786652590110e-02
1.328762972551786326e-01 -4.607833382826655444e-01 5.751626058939422054e-02
1.258130580722594816e-01 -4.852275593451100266e-01 4.638839852721992479e-02
1.190965341300673636e-01 -5.091459069140521487e-01 3.700550506052646682e-02
1.132308282349508144e-01 -5.342537590093732192e-01 2.800403228012202789e-02
1.081102404737752931e-01 -5.548874577461107016e-01 2.338826157227646974e-02
1.017572735551123542e-01 -5.772539284138631377e-01 1.723558402784378107e-02
9.361439356400590162e-02 -6.006247742485816277e-01 1.505755843021188561e-02
8.739964782000163301e-02 -6.262526993489049287e-01 1.136137951244220456e-02
7.797211986688067087e-02 -6.544299769713244341e-01 8.478401941470065095e-03
7.047156385678149393e-02 -6.812148214910430655e-01 7.236520647727992528e-03
6.814735132462612643e-02 -7.101745894112446722e-01 1.799078802925541121e-03
5.767677188912317954e-02 -7.373175139577924364e-01 2.232679495519696022e-03
4.807443343553824411e-02 -7.656672789234588716e-01 2.874920195708230430e-03
3.895819370141936216e-02 -7.958872840905256707e-01 4.106382214770887273e-03
2.928616350846491995e-02 -8.255568910563028107e-01 5.579129108477201560e-03
1.671581705943584184e-01 -5.129604778448951796e-01 5.492664137952855269e-02
1.448318942165650602e-01 -5.573724457279077837e-01 4.232408903508280695e-02
1.236508823220471565e-01 -6.032642779474961525e-01 3.245338268270289706e-02
1.073163404475482585e-01 -6.555194049557402369e-01 1.859781375130593883e-02
8.398069615297731882e-02 -7.096949794798932398e-01 1.357163150232236493e-02
6.217245860413384007e-02 -7.639924257728054613e-01 1.082702219475525918e-02
9.129073893116441962e-02 -3.134939393307317745e-01 8.155618507209619339e-02
8.138292377897925201e-02 -3.691620231618298331e-01 6.340280602532290255e-02
7.328186348203977185e-02 -4.269672851314810225e-01 4.317817279474579772e-02
6.326892956876016549e-02 -4.872184047863740153e-01 2.829446267541380414e-02
5.070063575405277245e-02 -5.463248350008751419e-01 2.132323965765251655e-02
4.275173265437322984e-02 -5.954184610126178612e-01 1.275553555809299383e-02
3.285727237274915780e-02 -6.596024915043762205e-01 7.621058941603815751e-03
2.482009229477736070e-02 -7.249294682682296820e-01 5.080145339759131740e-03
1.134638702030647123e-02 -7.926865329834977825e-01 6.289213415924074790e-03
1.820396466788208323e-01 -5.535662086810761995e-01 6.103025987917150286e-02
1.511180751560593505e-01 -6.061396426170985174e-01 4.749846450702495393e-02
1.213260886378516035e-01 -6.667785868259091808e-01 3.224567048606265945e-02
8.998694783091325256e-02 -7.310927832051596909e-01 2.231765122702646098e-02
1.252125421590560561e-01 -4.306132482069154332e-01 7.152032747026451642e-02
1.057215549442488828e-01 -4.955514816605986472e-01 4.663218876873671814e-02
8.763427047515197355e-02 -5.563183285542829815e-01 3.010463416685787985e-02
6.714843251820870607e-02 -6.235633814867259650e-01 2.068372675651975606e-02
4.858956650428721685e-02 -6.982720593320315139e-01 1.379248530037294890e-02
2.813683096090813240e-02 -7.747507880919090040e-01 1.023712892287814702e-02
6.900511994345763511e-02 -3.695895093781753071e-01 5.214975185941145980e-02
6.074899668905732464e-02 -4.480808822455777940e-01 3.028320007458535842e-02
5.257650119662778815e-02 -5.240455108981736387e-01 1.786679456082346934e-02
4.256182382722761837e-02 -5.943638755769402593e-01 9.281311505936105932e-03
3.565480990584968257e-02 -6.783503527151065748e-01 4.319632666131834053e-03
2.475156285948821450e-02 -7.654967028952840424e-01 6.323103578596681040e-03
2.109558372385882397e-01 -3.119756892084954436e-01 8.095502931955350645e-02
2.098605285780422713e-01 -5.640945665527059560e-01 5.748840086221945062e-02
1.675664530722554835e-01 -6.255547898293357667e-01 3.929454868885128016e-02
1.258101639384217318e-01 -6.977918688790234469e-01 2.382271108976340146e-02
1.247415533926347908e-01 -5.294966650832546584e-01 3.520970238221855786e-02
9.482760633053037569e-02 -5.957446485235472489e-01 2.174132996191761868e-02
6.618204659967846792e-02 -6.800933264502847519e-01 7.925386363787770283e-03
3.298271982888691112e-02 -7.635741649236960082e-01 6.255115539309824557e-03
9.605881155757424461e-02 -3.849103801314157636e-01 5.853034223451113183e-02
7.874046082970272142e-02 -4.731876290372141192e-01 3.003330727767625566e-02
5.620627153788118613e-02 -5.519504575319387207e-01 1.944615588214240048e-02
3.994258370683216597e-02 -6.395284122212618882e-01 4.911188779911687674e-03
2.136571360602811803e-02 -7.348824394213510081e-01 2.028622863231507867e-03
3.847788324962885670e-02 -3.162730213170681370e-01 4.336938651356913449e-02
2.732317176531485689e-02 -4.153393589291307086e-01 1.922055759842971473e-02
1.823074763848037128e-02 -5.096688357978612638e-01 7.320080135817461087e-03
7.833928006628246982e-03 -6.011410874321744258e-01 1.171084703610575373e-03
8.566411938406119642e-04 -7.051999616577552255e-01 6.841546348299032410e-04
1.203695590512781910e-01 -4.291208036497510259e-01 6.541763853769477777e-02
8.985394539825311555e-02 -5.220450993861360800e-01 3.605607203855715204e-02
6.358893506836499343e-02 -6.104893252386498492e-01 1.813162656749527091e-02
3.600152514657669472e-02 -7.137696558730090013e-01 9.671148773984977742e-03
8.477284109672063306e-02 -3.749547454077835074e-01 5.286784775652567103e-02
6.821993719783341070e-02 -4.837877677376016816e-01 2.227980873821300278e-02
4.622353427796485614e-02 -5.773213605222067279e-01 1.481539941833411034e-02
2.799628517808873396e-02 -6.916053628343820092e-01 6.816342726836677191e-03
2.606523354442250376e-02 -3.256955419598816515e-01 3.336788631685076029e-02
1.673469985019656811e-02 -4.437602686524461659e-01 8.665047218923548067e-03
7.918718072679402364e-03 -5.564207317404031850e-01 2.862326578919043019e-03
-5.337066813085539554e-04 -6.697867444801572923e-01 5.163200141262286325e-04
1.009592938382408850e-01 -4.434244918797449753e-01 5.396632122853683294e-02
7.139787353726531616e-02 -5.515312629653842391e-01 2.886845735996810408e-02
4.198861043354968486e-02 -6.669020321604062218e-01 1.703043262791575224e-02
5.996438346911011491e-02 -4.097913065313162351e-01 3.605754230442194397e-02
3.936123418459165635e-02 -5.302366054813481000e-01 1.909441572532570575e-02
2.030117112452247893e-02 -6.549843184397100559e-01 9.945928688755011071e-03
-6.533542434076151147e-04 -3.582938098326742815e-01 1.614038789166123700e-02
-9.082544542151353012e-03 -4.940922770199029923e-01 -1.756496902448424768e-03
-2.001773169799665048e-02 -6.223658285681398228e-01 -4.091057147594993892e-03
2.573536008649768628e-02 -2.760529724691383469e-01 2.817747448775677691e-02
2.384497746928120748e-02 -3.075255656980563912e-01 2.391728773728211618e-02
2.183321546020825649e-02 -3.395728505854570534e-01 1.917369186251094773e-02
1.964838640679189563e-02 -3.714496767897125240e-01 1.263277154562898394e-02
1.699488156875187533e-02 -4.032100806491430434e-01 5.504078579601945354e-03
1.442791025288355997e-02 -4.336665282790773679e-01 -8.653356441087264872e-04
1.269259059312793231e-02 -4.642489049979743876e-01 -1.497389268303256360e-03
1.180808898044792381e-02 -4.960207862432503001e-01 -1.748022206208788010e-03
1.106297084650694276e-02 -5.279313546304426064e-01 -3.380900573671873077e-03
9.692370514360892919e-03 -5.583539402634688509e-01 -4.168486025924435234e-03
6.828628154131959581e-03 -5.855622082561848796e-01 -6.134252989616749419e-03
5.440604887143530438e-03 -6.135363832471010248e-01 -6.992978850967904170e-03
5.494035995751034990e-03 -6.465844484824538885e-01 -7.726094496057905880e-03
7.996545940611495679e-03 -6.815370784173039320e-01 -9.960201652751854429e-03
6.955819066390266786e-03 -7.178428880524064803e-01 -9.947954856189752948e-03
4.821515361380488210e-03 -7.905746977186514091e-01 -7.625130677610184038e-03
8.324083164012431590e-03 -2.886920752631226272e-01 1.059102241324974894e-02
6.401760437312114735e-03 -3.609445734673327744e-01 1.957958635478929121e-03
4.982378212880033894e-03 -4.317838819122696292e-01 -4.827134649588719906e-03
3.091995595663554232e-03 -5.004171891672778427e-01 -5.358813343794427420e-03
3.355083074419782860e-03 -5.666678925505140851e-01 -6.617505127697785594e-03
1.169091716923052748e-03 -6.329241613944720513e-01 -6.183553116731042854e-03
6.364601585829769356e-03 -7.082266617315652324e-01 -8.504535621431483228e-03
-3.042028146570857454e-03 -3.693115210535325987e-01 -6.263584057887440493e-03
-6.790272119479800160e-03 -4.581591600695036348e-01 -5.483239166596202974e-03
-7.847259624463039096e-03 -5.425510844543738331e-01 -3.997189969058394243e-03
-9.354918827187377883e-03 -6.261507797237492179e-01 -5.103951453258773197e-03
-3.881804304882978222e-03 -7.230864822556076765e-01 -4.521272602404022289e-03
-9.532053935812084475e-03 -3.800843241065513523e-01 -1.923419233047511667e-02
-1.324603319107645234e-02 -4.858090598350857103e-01 -1.534681850233367284e-02
-1.425075189153255859e-02 -5.841448476088623165e-01 -1.298527655348969551e-02
-1.628168029156843583e-02 -6.958749683772205152e-01 -4.271267813327803142e-03
-1.384131873591823783e-02 -4.148848693359582507e-01 -7.715735965232721483e-03
-1.547035733049904535e-02 -5.386510450392770766e-01 -5.333477429667297931e-03
-1.301779158200497798e-02 -6.603815659762088952e-01 -5.388037587203547973e-03
-8.594121214524569688e-03 -4.702683846450311789e-01 -1.079613239836185734e-02
-1.152639301004265010e-02 -6.071558694254741706e-01 -4.584613055950016725e-03
9.654317844728288467e-02 -7.547629658743013614e-01 4.862227157079963835e-02
9.334781917300857823e-02 -7.324979622062822715e-01 4.677121255644238473e-02
9.406332180562647360e-02 -6.640996518921806757e-01 2.922774543363535621e-02
9.375319589070474358e-02 -6.202106092633360435e-01 1.738924731752958253e-02
8.949852450328646403e-02 -5.975914096564901579e-01 1.557210775574505851e-02
8.824872241095670089e-02 -5.741278572191436114e-01 1.168165604570773480e-02
6.768447543404114419e-02 -5.237219857970555337e-01 1.759502867979166607e-02
6.436773676791038290e-02 -5.041154521441223446e-01 1.546963575924645284e-02
6.176301382215637625e-02 -4.843456486230919844e-01 1.322338279612230577e-02
5.962696666102604987e-02 -4.613929517155982429e-01 1.123386672013804155e-02
5.563363929624344506e-02 -4.404229760709142405e-01 6.964400456672063811e-03
5.209098362920192710e-02 -4.192033403634235489e-01 5.183207265890013571e-03
4.807907102549657807e-02 -3.961293502251467813e-01 4.402577692068004866e-03
4.264254582899747875e-02 -3.712966713443365263e-01 5.417158599824223320e-03
3.895992553117676865e-02 -3.495896019800372456e-01 6.745930583443887629e-03
3.534699697272557228e-02 -3.277782279903125873e-01 7.366156917442398533e-03
3.154299728304837958e-02 -3.057776093025780795e-01 8.124405102553678565e-03
2.723547593906277750e-02 -2.841468410736902594e-01 8.692710800436421331e-03
2.332751979237151010e-02 -2.611754161697256715e-01 8.637962768975108313e-03
1.829055979316675587e-02 -2.379540999523596656e-01 9.325679839707702590e-03
1.224597533330497139e-02 -2.149500899414113486e-01 1.134380874598497208e-02
9.032030820107918995e-03 -1.907547199761831236e-01 1.299900935611403990e-02
6.286762091534526913e-03 -1.670230687485470822e-01 1.527682848507294633e-02
2.655829446200761411e-03 -1.448456123511905613e-01 1.779755524261028218e-02
-1.634850114982647293e-03 -1.204523587507796978e-01 1.967687891884916523e-02
-5.247778673433851904e-03 -9.551531722615018427e-02 1.998349242568485395e-02
-1.066688093509056585e-02 -6.948443686339425551e-02 2.070333211084972314e-02
-1.495639819219360574e-02 -4.769880645298747723e-02 1.931886858066649698e-02
2.493315307400498504e-01 -7.455890119549651862e-01 2.468036588627872674e-02
2.406520266810708020e-01 -6.920259394387247021e-01 9.617056310362623317e-03
2.255974835522649435e-01 -6.410045063327662884e-01 6.881602129085312436e-04
1.626259061799056049e-01 -5.159665532306361158e-01 2.240690982143633825e-03
1.482154304882275231e-01 -4.685371173724364180e-01 -1.102233472016495019e-02
1.319616106154985202e-01 -4.206679631876654168e-01 -1.640661868926986122e-02
1.113474194422165581e-01 -3.717787183433112763e-01 -1.686836006363602591e-02
9.170484455582648964e-02 -3.235028362447283090e-01 -1.470270601288779788e-02
7.200941971286912990e-02 -2.751734963458017380e-01 -1.025614431152654937e-02
5.252190778393991955e-02 -2.230553783986765348e-01 -4.758547026818608222e-03
3.447526907856646172e-02 -1.694110691112859501e-01 1.965154564669002735e-03
1.734972131167832401e-02 -1.165061134542067223e-01 6.564319708610809670e-03
1.111580917671111442e-03 -5.962023858385283315e-02 5.388959292594199327e-03
3.590737155686068438e-01 -6.708803485429568614e-01 -1.387946834550290998e-02
1.770607786309081888e-01 -4.229493355727440007e-01 -1.991500565607332018e-02
1.346702900182665807e-01 -3.554527157150441652e-01 -2.197172225655041888e-02
9.012284439741119479e-02 -2.877252760506119333e-01 -1.298737610279215859e-02
4.796988420012084087e-02 -2.171560916166014044e-01 1.594163792817616249e-03
6.894821354897218146e-03 -1.419255415632828810e-01 1.193860721767319062e-02
2.204147474018791353e-01 -7.633193883959482617e-01 3.676418680577202280e-02
2.049983907056646404e-01 -6.799927842627527808e-01 1.591990564820673637e-02
1.141571495417978005e-01 -4.639840514179179864e-01 2.890424951283415700e-03
8.682294751408259348e-02 -3.846525679416887833e-01 -1.832194808267274821e-03
5.729868606458936309e-02 -3.054072396323906924e-01 -4.210414300951093036e-04
2.759845181055180230e-02 -2.259842020293220399e-01 8.005615578610715544e-03
2.067506099478037015e-04 -1.427673994553094183e-01 1.928112381937185926e-02
-2.314980353170662322e-02 -5.261528615920104540e-02 1.052465708223990735e-02
3.498460225327672951e-02 -6.127268616337870899e-01 2.904503942888538026e-02
1.226630402834827036e-02 -5.341400613978324330e-01 3.438155423493727270e-02
-4.423670367480409156e-03 -4.531901988523311386e-01 3.180384109736157650e-02
-1.882079118859734945e-02 -3.651342700782332362e-01 2.662902726494400379e-02
-3.160397174181513169e-02 -2.765908496289329888e-01 2.456475685562879707e-02
-4.418040168508511473e-02 -1.861658810474036974e-01 2.726830554198425571e-02
-5.402724237850352329e-02 -8.802925462171456994e-02 1.942556772801834475e-02
1.216990254785657935e-02 -5.383975526607361894e-01 1.117789307476040050e-02
4.979472452679113356e-03 -4.519198220821417644e-01 6.006753864771646745e-03
-4.122691576363387081e-05 -3.542178652647010595e-01 2.572382438486994771e-03
-5.202472067025777809e-03 -2.572425620430118243e-01 4.132502345029629570e-03
-9.062808625511386065e-03 -1.570380964495633469e-01 9.906731188856997966e-03
1.421789705305652185e-01 -7.629561442894466916e-01 5.087318823174762777e-02
9.948068061116262240e-02 -5.352319907143906486e-01 1.825434471265565545e-02
7.569087770660946901e-02 -4.236408488258785465e-01 4.658957368847790881e-03
4.911921674767762147e-02 -3.072066869636885800e-01 8.737472527941617106e-04
1.988707712622354157e-02 -1.896960183789279664e-01 7.817696859850713914e-03
-3.177355187391744246e-03 -5.867384186160308490e-02 4.332682328967480019e-03
6.834596580601132176e-02 -5.591089388757524148e-01 1.627651547239768876e-02
5.077148979750265717e-02 -4.441182911461430960e-01 6.844877091655064694e-03
3.263599296179674203e-02 -3.158878757801152903e-01 1.224573987282252460e-02
1.819995820671375941e-02 -1.887162801793529077e-01 1.583428635996148026e-02
7.915219534075148070e-03 -4.846488881461123721e-02 1.517982360930778679e-02
1.748105004639680798e-03 -4.787596859609523636e-01 1.295707799725466514e-02
-3.813867647997164906e-03 -3.430094058054782846e-01 1.464068491360972016e-02
-7.692789445405518248e-03 -2.089233057802382387e-01 2.071535337092579240e-02
2.303516085297103722e-01 -7.082185874892420463e-01 1.954574168779986409e-02
1.055781150275917207e-01 -4.018324335840592898e-01 -1.742756137217540968e-03
6.478298144392652391e-02 -2.959727791025427157e-01 -7.892172024782720396e-04
2.414000505752127157e-02 -1.864372863582421103e-01 1.232651597370753790e-02
-9.498963148611030624e-03 -6.404876033649133105e-02 6.702389499765669389e-03
4.898273902913952149e-02 -6.941370801714411565e-01 3.227888637336869676e-02
4.650288238748309655e-02 -5.788157223028496112e-01 1.041030348858668769e-02
2.953355988213617403e-02 -4.788330301419619905e-01 1.047796986167819078e-02
2.324679779060164625e-02 -4.205137323295482510e-01 6.107898587934111612e-03
1.727016161398882421e-02 -3.598930569079416553e-01 8.941824762223170991e-03
1.167624885186814392e-02 -3.015624511646993744e-01 9.928793903023907380e-03
7.473265116936811565e-03 -2.430486324625421024e-01 5.749330407311861735e-03
2.017573529474787734e-03 -1.820754424748283751e-01 8.600418390134759866e-03
-2.449078836252957438e-03 -1.203437655545565588e-01 1.376673764063833863e-02
-2.761796107955727386e-01 -7.304588451599136611e-01 2.164343525861749801e-02
-2.599426327056458819e-01 -6.916616635786538847e-01 1.674388980554140233e-02
-2.444182514881360069e-01 -6.537208945289010309e-01 1.379746174894266875e-02
-2.301790993846808409e-01 -6.153756612532159664e-01 1.138595928826122150e-02
-2.136465125544737276e-01 -5.780872771010887590e-01 5.433668455800809427e-03
-1.663096655290803860e-01 -4.832535592420220127e-01 -3.657293454679515221e-04
-1.533226401261157112e-01 -4.466179615161121053e-01 2.908904494073737135e-03
-1.391380814353483930e-01 -4.057838453243378662e-01 7.822085439798672629e-03
-1.257172261174448469e-01 -3.678408125867049794e-01 1.189066980713579004e-02
-1.122615249298565127e-01 -3.287169142598660443e-01 1.549173227318686660e-02
-9.769424282459708564e-02 -2.891309785681545619e-01 1.845341857636922933e-02
-8.126851821160499534e-02 -2.515591303747060636e-01 2.057065133935020301e-02
-6.373063152890161287e-02 -2.152631769023459207e-01 2.046017167335734480e-02
-4.521938510318578713e-02 -1.775011581855290843e-01 1.748031537078366046e-02
-2.731677909287283032e-02 -1.368778569140918500e-01 1.679615344051570841e-02
-9.206260168531703314e-03 -9.663333430766252174e-02 1.758117752981154872e-02
9.911883216466452207e-03 -5.443502353097959962e-02 1.686156043513893296e-02
-2.549718775335695353e-01 -7.059662789422486151e-01 5.283332085452951965e-03
-2.457853649080409542e-01 -6.806792169670057291e-01 2.086023912669175695e-03
-2.396211445124432349e-01 -6.544826899656882579e-01 9.605792184091549446e-04
-2.314248334127293194e-01 -6.296039182859860528e-01 -1.061674862682264464e-03
-2.220472496559747488e-01 -6.064162311689724749e-01 -4.205352603312631499e-03
-2.126696658992201783e-01 -5.820130066772739585e-01 -7.470990887839645822e-03
-1.755763190043386213e-01 -5.048247310950124689e-01 -1.782118678524738375e-02
-1.684050553001241179e-01 -4.810141707109063525e-01 -1.825313367788753208e-02
-1.606785822891142190e-01 -4.556687800493617324e-01 -1.737287504875097491e-02
-1.537866666944179006e-01 -4.301902096882292970e-01 -1.341714894648607034e-02
-1.456786325729962361e-01 -4.060900992824972855e-01 -1.096325373083429505e-02
-1.373446814506638081e-01 -3.813456643783361688e-01 -9.080056397896600628e-03
-1.303133823772284761e-01 -3.553111883735854404e-01 -6.576267464558797904e-03
-1.226391781707456829e-01 -3.316502719976583413e-01 -5.003437450914360873e-03
-1.148610175072488637e-01 -3.067027352849744926e-01 -2.844109373648252143e-03
-1.064922205152316753e-01 -2.812983793807581345e-01 -1.376165137469458066e-03
-8.727070182525964448e-02 -2.312133666826166611e-01 -4.087900780018853542e-04
-7.650451364947645494e-02 -2.071420733326534702e-01 -1.738329736398985456e-03
-6.589455073523448059e-02 -1.830898552665431167e-01 -3.257985966230319413e-03
-5.578810947530095377e-02 -1.604493768375811202e-01 -4.863047074235926984e-03
-4.675840326335377328e-02 -1.327488652746956488e-01 -6.731827291718313691e-03
-3.486321123505711772e-02 -1.078855740598321372e-01 -8.908369661363593414e-03
-3.552603941935604248e-01 -6.026783589774066252e-01 5.078886222606045914e-03
-3.297352716292516472e-01 -5.569239407869939207e-01 6.587584755672219738e-03
-2.693207976144406102e-01 -4.849376885616564214e-01 -1.417832570608307946e-03
-2.461588015162532728e-01 -4.389253186586461464e-01 4.409891723227523860e-03
-2.211552046931354876e-01 -3.909172419664614928e-01 7.402650039653065756e-03
-1.934771931848942028e-01 -3.436470107640694494e-01 1.003401577176234183e-02
-1.644436796711884752e-01 -2.996304086228303021e-01 9.955534536124686570e-03
-1.348717986334896091e-01 -2.556259242009907284e-01 9.756280300010944026e-03
-1.051262693994070990e-01 -2.088413292459001813e-01 9.295594999158674973e-03
-7.527562140423015025e-02 -1.614676069838374695e-01 5.965968272239805664e-03
-4.540755047421084212e-02 -1.134166278289799740e-01 2.393869127256726716e-03
-9.530322106054679721e-03 -6.228630731992668840e-02 -3.701672178442088831e-03
-2.092478084719949782e-01 -7.423800448794849460e-01 5.967729568334953494e-03
-1.909090479385823491e-01 -6.827429930536978997e-01 -2.749883646175739493e-03
-1.738735206061070293e-01 -6.258083585220192147e-01 -8.683612144382700515e-03
-1.588880880646305060e-01 -5.713574429742996896e-01 -1.140188039600240760e-02
-1.284311242622114546e-01 -4.707508353464543993e-01 -1.560454699119964012e-02
-1.143859490501831777e-01 -4.115449713924858588e-01 -1.113852877436685707e-02
-1.019216116924898524e-01 -3.532042169255907860e-01 -4.806072624754388622e-03
-8.796413230671365491e-02 -2.939102233857995849e-01 2.286414600080784176e-03
-6.935067288010431097e-02 -2.367978215419564714e-01 3.368767981108113097e-03
-5.058040703991353165e-02 -1.786259053580839806e-01 2.774134709986511571e-03
-3.137631128478383935e-02 -1.196674987516394423e-01 3.025720771187493177e-03
-8.315947035449852004e-03 -5.532530348253925784e-02 -7.521070939026939031e-04
-1.725052448821217110e-01 -7.355140668820574490e-01 1.321454418378475992e-02
-1.545137807414763143e-01 -6.562582476471504611e-01 2.493467546606273344e-03
-1.395986210914094972e-01 -5.826352368041517460e-01 3.123647916326369178e-04
-1.235178682630238695e-01 -5.162470672817527362e-01 -7.547543872815851151e-03
-1.079789698708725487e-01 -4.442813370229284353e-01 -5.268819764570976949e-03
-9.483804381452740073e-02 -3.664662409817522337e-01 1.116957546876833768e-03
-7.897043426853160575e-02 -2.868362751628332208e-01 6.361656215288611846e-03
-6.063574179940028896e-02 -2.110397902184960317e-01 8.361669362139004941e-03
-3.962547234106510163e-02 -1.328583834732967595e-01 6.161545868452534755e-03
-1.357766173148497804e-02 -5.098427262813055860e-02 -1.189415211064084703e-03
-4.171052923215670671e-01 -5.405714955946568923e-01 1.922889382586140741e-02
-3.147753981511801080e-01 -4.284612559773704477e-01 2.129584554329854579e-02
-2.653576785293844664e-01 -3.678081095018875812e-01 2.794962469149722684e-02
-2.101027062097149956e-01 -3.073810271609858646e-01 2.710596470465914329e-02
-1.556631249153962726e-01 -2.503154153072829624e-01 2.422575336551559266e-02
-1.003901485088442430e-01 -1.874760442318755271e-01 2.120282599766062231e-02
-4.525597442899109701e-02 -1.239784915475261040e-01 1.774730964030720240e-02
1.548779189170457031e-02 -5.457469747085139794e-02 1.197325441536501930e-02
-3.435208462747648128e-01 -6.446901487762068950e-01 7.657491581313308898e-03
-3.071598437953033667e-01 -5.688560939333631161e-01 6.535725021720339978e-03
-2.285175395285760358e-01 -4.334662110583701877e-01 9.871718681225228817e-03
-1.905269173024935481e-01 -3.568103536739213322e-01 1.694056583994186724e-02
-1.485569037342297227e-01 -2.842719617249579445e-01 1.618624157393509094e-02
-1.053881945740829662e-01 -2.130946938386556466e-01 1.410286710000988042e-02
-6.221890426189598255e-02 -1.384459121468064602e-01 9.908468314708207547e-03
-1.031377302192152366e-02 -5.716643735918273267e-02 1.875319377230977649e-03
-2.062086744592618870e-01 -6.510982033964826110e-01 -3.765927375657493470e-03
-1.798838403483242476e-01 -5.712335984326096794e-01 -8.419453122278805490e-03
-1.545497889152414317e-01 -4.928177228204539961e-01 -1.003082155362460676e-02
-1.304179199862827432e-01 -4.067806873430773740e-01 -3.649717442042246796e-04
-1.072234026265713874e-01 -3.217263445507358433e-01 8.247293310822644691e-03
-7.722117858617470743e-02 -2.369875838053458195e-01 1.546237708045781686e-02
-4.466359464435022686e-02 -1.506151413582101917e-01 1.448620679104421771e-02
-5.296560565719881167e-03 -5.605386970160489840e-02 5.971434565375687530e-03
-1.241230217661856566e-01 -7.228142102985039008e-01 5.184816232224845334e-03
-1.025366331539716014e-01 -6.222862263353242662e-01 -8.542028286638414514e-03
-9.038300286324016386e-02 -5.349887240064490346e-01 -1.078713224215827743e-02
-7.929217159789384017e-02 -4.466337322204621541e-01 -2.492614797301562213e-03
-6.761186630810755993e-02 -3.522622787144171763e-01 8.078116120569509007e-03
-5.134759732501836121e-02 -2.560033643280392734e-01 1.997937086615240651e-02
-3.153951037080727354e-02 -1.594346095418357478e-01 2.797624365300465515e-02
-2.575107444430895821e-03 -5.509418980665444637e-02 2.078056112731159477e-02
-2.504198539497504705e-01 -6.340711737444711948e-01 -8.874853543568803071e-03
-2.106369940430637411e-01 -5.265492519035772645e-01 -1.582766558265765247e-02
-1.716898538567710186e-01 -4.218432694573662767e-01 -1.588368902723992157e-02
-1.341876549583153333e-01 -3.056297127677753966e-01 -6.134577590077988640e-03
-9.249931410773054585e-02 -1.923466661669754885e-01 6.288732574007173393e-04
-3.955055023333393927e-02 -6.903824187421588043e-02 -1.680430739908156390e-02
-1.663903875308502256e-01 -6.752377363219611572e-01 3.797182238581900404e-04
-1.391119412199032512e-01 -5.553340301352328590e-01 -3.788032557541662348e-03
-1.162304555353145391e-01 -4.378441750647387165e-01 2.948476153620881862e-03
-9.161481249505051827e-02 -3.121696603645820467e-01 1.608972831270256629e-02
-6.015719805645664692e-02 -1.871912457674979047e-01 2.928564931321680359e-02
-1.544424036778020010e-02 -5.311744013332291015e-02 2.474910736875891165e-02
-2.727548476081465556e-01 -5.581231897017731036e-01 -7.113015515849339249e-03
-2.209565785853871145e-01 -4.638839325368254718e-01 -8.348515101378815861e-03
-1.722015116396420353e-01 -3.589848747228317483e-01 2.260338806310328158e-03
-1.179396466059881715e-01 -2.588460987022339621e-01 7.379863035219666120e-03
-6.251393185013605358e-02 -1.579499966022149260e-01 1.130682319549142396e-02
2.655829446200761411e-03 -4.603978860892241759e-02 7.883905317296980436e-03
-8.766909309211044776e-02 -7.311270631902708761e-01 -5.993809402419406074e-03
-6.863690207724382208e-02 -5.945540025578457399e-01 -1.883530795208779307e-02
-5.879587290422723378e-02 -4.688436026238242404e-01 -1.582507700465868306e-02
-4.725553224522017343e-02 -3.354348158638116861e-01 -6.012272447393881419e-03
-3.069739797797127467e-02 -2.010885597647300016e-01 6.151504618329105278e-03
-1.730670443434153888e-04 -5.557061235599028426e-02 3.795437642292655289e-03
6.518952046570307413e-02 -6.421195648565495295e-01 1.230023431343008067e-02
6.065782557692728921e-02 -6.030780590685718145e-01 6.339555826832862784e-03
5.388496476592671836e-02 -5.642472492099401826e-01 3.523284219827164943e-03
3.519600207954599880e-02 -5.018058471496579243e-01 8.770730527311240698e-03
2.981290799165441444e-02 -4.638308132661627670e-01 4.417695121904825772e-03
2.470799970920069255e-02 -4.254371107588407752e-01 -1.006957267457392335e-03
1.772606368009158398e-02 -3.844881400271152883e-01 -1.941513013392869025e-03
1.254972020214780055e-02 -3.453261507969254684e-01 -1.457037583759125676e-03
6.279799893415465711e-03 -3.056030957681713511e-01 -2.373069893534512226e-03
-1.637686117004675222e-04 -2.655344837377633938e-01 -3.341283965734197919e-03
-6.677610008226097377e-03 -2.252214298178885910e-01 -1.873232643468572545e-03
-1.406027353870991162e-02 -1.847419745350717402e-01 1.253281894785901809e-03
-1.875051829718765370e-02 -1.427617242039253276e-01 1.856559402549598503e-03
-2.399597236246076709e-02 -9.901698841892891956e-02 8.165956265314081725e-04
-2.630566771997469924e-02 -5.505459914013288020e-02 -3.298431458120173413e-03
2.518074355810564699e-02 -5.268005824501799106e-01 -2.599572906907973713e-03
1.811169285478464452e-02 -4.538136641201743204e-01 -5.876045270367585838e-03
1.109316749987022607e-02 -3.753176608177370421e-01 -4.940696741280711790e-03
6.609673351340286662e-03 -2.960316302921072174e-01 -3.123878845691561990e-03
1.901424505979980870e-03 -2.186083618838418341e-01 -4.139533752549461043e-03
-2.218489366294449771e-04 -1.376629022999647234e-01 1.979434171648353918e-03
-4.163780387581508119e-02 -7.186944842768842046e-01 6.038067063382800137e-03
-3.359597458152180360e-02 -6.474750698129890791e-01 -6.113924035644549559e-03
-2.892489621400699817e-02 -5.828136413054905152e-01 -1.195440601434719086e-02
-2.258644646998552233e-02 -5.257074460789040726e-01 -1.792636283233993433e-02
-1.998346698035208258e-02 -4.636845987368837796e-01 -1.859861533638933889e-02
-1.810992614593779498e-02 -3.964245912823298745e-01 -1.951733809927880953e-02
-1.467587615223184955e-02 -3.272329986590360451e-01 -1.342142765266306909e-02
-1.085910274403376063e-02 -2.587686419466541099e-01 -9.329280653117028033e-03
-4.991653392796684477e-03 -1.906003875145755866e-01 -9.936392557209117876e-03
3.567052426366095451e-03 -1.205811413971500934e-01 -9.576456132418946152e-03
1.141606713331283669e-02 -4.552151974481426916e-02 -1.666861016843677185e-02
-6.516858736589330181e-02 -6.962654568393679133e-01 5.821774636567779437e-03
-5.664182165621434867e-02 -5.920100948595196089e-01 -5.717873817845685325e-03
-6.211900424280003552e-02 -4.943696486872513618e-01 5.967714893632340700e-03
-6.068336138760595244e-02 -3.884678402213167514e-01 1.258572589090265620e-02
-5.193649019741811146e-02 -2.818171705579526898e-01 1.792680635064029457e-02
-2.372476038150510974e-02 -5.621075841200281337e-02 1.664456991538202854e-02
-6.643232548082433908e-02 -6.233035332727063782e-01 -1.343682651202605938e-02
-7.274522778780401211e-02 -4.873244039522079407e-01 1.016315236314853376e-03
-7.245775517608632477e-02 -3.459004340478866735e-01 1.030041308505764627e-02
-5.980525244736797225e-02 -2.014385200657269892e-01 1.664847683953973867e-02
-3.940536686055621379e-02 -4.138155104499432330e-02 1.410430920846351271e-02
